67.47861150070126
63.260751457887366
65.0631320224719
50.051685393258424
54.56959269662921
51.22801966292135
44.25435393258427
47.38609550561798
50.35912921348314
36.353370786516855
41.822823033707856
41.71500173711181
30.772120786516858
36.338623595505624
32.46952247191011
37.354269786857984
39.75316455696203
38.38101265822785
46.97060369324508
46.25840867992767
44.01871921182266
40.42322308233638
48.92828993666432
45.43560872624912
50.11907107670655
43.60492610837439
78.73166783954962
118.52513162720163
159.1335679099226
175.46170664380367
171.86432490936136
210.83734177215192
220.0866661024951
215.07153893806182
238.92983903295058
251.54438575080843
257.54240506329114
242.1020635316545
212.20530469717352
218.3451384744208
245.6437539610677
212.44222279489745
205.0892329345531
195.7214911141727
215.9953275316926
235.29969001199314
188.90375365493455
207.72528572319368
210.26687526167166
184.20951727701123
171.87025316455694
192.9829113924051
189.54683544303793
190.69246118351316
196.61234688703664
179.33260716795502
202.5442726633872
190.05583489161992
175.76068072082245
147.67616741809914
165.26036542515814
162.28468025298667
135.66630758693105
127.58759885070765
122.41735769501052
139.74162493217221
119.32531645569621
141.45981230527144
138.1439698815202
124.76874849889253
138.36902781607762
139.20970627218304
133.77326046796077
115.92431460591176
135.22518836119093
166.0693391568891
146.73498644338125
163.1030415590168
179.1692847124825
198.30194097799307
176.19649614576034
173.78777582409376
198.74876043170627
210.55800210526107
215.90707569606798
168.81954552191579
197.79894810659187
189.85877286484094
181.89909337860783
167.7623729238946
125.19476179227874
129.42209640510814
111.29368863955119
94.22819074333802
85.56661991584852
80.59319775596073
