61.97861150070126
56.260751457887366
51.563132022471905
46.551685393258424
64.0695926966292
49.22801966292135
45.25435393258427
37.38609550561798
37.85912921348314
45.853370786516855
36.822823033707856
47.21500173711181
37.77212078651686
40.838623595505624
28.46952247191011
41.354269786857984
31.253164556962027
45.88101265822785
31.47060369324508
37.75840867992767
49.01871921182266
47.92322308233638
45.92828993666432
44.43560872624912
46.61907107670655
42.60492610837439
80.23166783954962
113.52513162720163
141.1335679099226
168.96170664380367
180.86432490936136
183.83734177215192
206.0866661024951
226.07153893806182
213.92983903295058
207.04438575080843
235.54240506329114
225.6020635316545
245.70530469717352
228.8451384744208
219.1437539610677
237.44222279489745
220.0892329345531
204.2214911141727
186.4953275316926
194.79969001199314
189.90375365493455
201.22528572319368
213.26687526167166
188.70951727701123
168.87025316455694
211.4829113924051
202.04683544303793
203.69246118351316
200.11234688703664
163.83260716795502
173.5442726633872
169.55583489161992
156.26068072082245
154.17616741809914
178.26036542515814
144.28468025298667
159.1663075869317
136.58759885070765
124.91735769501052
124.2416249321722
123.82531645569621
130.95981230527144
129.6439698815202
124.76874849889253
125.36902781607763
126.20970627218304
118.77326046796075
136.42431460591177
121.72518836119094
148.5693391568891
170.23498644338125
192.1030415590168
192.1692847124825
191.80194097799307
196.69649614576034
206.78777582409376
228.74876043170627
216.05800210526107
207.40707569606798
189.31954552191579
196.79894810659187
187.35877286484094
155.89909337860783
153.2623729238946
137.19476179227874
116.92209640510814
93.79368863955119
92.72819074333802
88.06661991584852
89.09319775596073
