79.47861150070126
57.760751457887366
52.563132022471905
61.051685393258424
50.56959269662921
56.22801966292135
42.75435393258427
53.88609550561798
39.85912921348314
36.353370786516855
43.322823033707856
37.71500173711181
44.77212078651686
43.338623595505624
33.46952247191011
34.854269786857984
42.75316455696203
32.88101265822785
42.47060369324508
40.25840867992767
49.01871921182266
34.92322308233638
47.42828993666432
41.93560872624912
53.61907107670655
50.60492610837439
64.23166783954962
132.02513162720163
137.1335679099226
179.96170664380367
174.36432490936136
212.83734177215192
238.5866661024951
254.57153893806182
240.92983903295058
242.54438575080843
252.54240506329114
231.6020635316545
223.20530469717352
229.8451384744208
198.6437539610677
234.94222279489745
213.5892329345531
230.2214911141727
225.9953275316926
222.79969001199314
225.40375365493455
227.22528572319368
192.76687526167166
213.20951727701123
189.87025316455694
178.4829113924051
206.04683544303793
173.69246118351316
209.11234688703664
179.83260716795502
166.0442726633872
174.55583489161992
164.26068072082245
162.67616741809914
157.76036542515814
153.78468025298667
136.66630758693105
153.58759885070765
139.91735769501054
141.24162493217221
123.32531645569621
140.95981230527144
110.64396988152022
110.76874849889253
137.86902781607762
135.20970627218304
114.27326046796075
128.42431460591177
132.22518836119093
136.5693391568891
178.23498644338125
201.6030415590168
182.1692847124825
189.80194097799307
199.69649614576034
172.78777582409376
192.24876043170627
207.05800210526107
208.90707569606798
171.31954552191579
198.29894810659187
178.85877286484094
179.89909337860783
161.2623729238946
124.19476179227874
121.42209640510814
98.29368863955119
96.72819074333802
74.56661991584852
86.09319775596073
