81.97861150070126
56.260751457887366
60.563132022471905
64.55168539325842
53.56959269662921
48.72801966292135
54.25435393258427
41.88609550561798
48.85912921348314
45.353370786516855
45.322823033707856
41.71500173711181
44.77212078651686
34.338623595505624
40.46952247191011
43.354269786857984
29.753164556962027
39.38101265822785
36.97060369324508
48.75840867992767
38.51871921182266
42.92322308233638
33.92828993666432
47.93560872624912
44.61907107670655
60.60492610837439
83.73166783954962
131.52513162720163
171.1335679099226
173.46170664380367
167.36432490936136
224.83734177215192
224.0866661024951
243.07153893806182
211.92983903295058
203.04438575080843
209.04240506329114
225.6020635316545
227.20530469717352
253.8451384744208
226.6437539610677
197.94222279489745
196.0892329345531
188.7214911141727
224.4953275316926
194.79969001199314
233.40375365493455
212.72528572319368
210.76687526167166
192.20951727701123
178.87025316455694
196.9829113924051
184.04683544303793
185.69246118351316
184.61234688703664
176.33260716795502
167.5442726633872
169.55583489161992
179.76068072082245
179.67616741809914
143.26036542515814
140.78468025298667
132.66630758693094
148.58759885070765
120.41735769501052
130.74162493217221
138.32531645569622
116.45981230527143
115.14396988152022
141.76874849889253
107.86902781607763
127.70970627218304
123.77326046796075
114.92431460591176
125.72518836119094
139.5693391568891
151.23498644338125
184.6030415590168
198.1692847124825
200.80194097799307
188.19649614576034
180.28777582409376
225.24876043170627
209.05800210526107
228.90707569606798
182.31954552191579
197.79894810659187
194.85877286484094
173.89909337860783
152.7623729238946
129.69476179227874
122.42209640510814
114.79368863955119
83.22819074333802
80.06661991584852
87.09319775596073
