73.97861150070126
66.26075145788737
54.563132022471905
60.051685393258424
46.56959269662921
42.22801966292135
40.75435393258427
37.38609550561798
40.35912921348314
35.853370786516855
47.822823033707856
48.71500173711181
35.27212078651686
34.338623595505624
30.96952247191011
42.354269786857984
37.25316455696203
38.88101265822785
38.47060369324508
33.25840867992767
48.01871921182266
50.92322308233638
44.92828993666432
45.93560872624912
39.11907107670655
51.10492610837439
61.731667839549615
128.52513162720163
166.6335679099226
171.46170664380367
199.86432490936136
186.83734177215192
238.0866661024951
233.07153893806182
227.92983903295058
209.54438575080843
231.54240506329114
259.1020635316545
227.70530469717352
221.3451384744208
201.6437539610677
227.94222279489745
239.0892329345531
226.2214911141727
215.9953275316926
216.79969001199314
219.40375365493455
233.22528572319368
225.76687526167166
176.20951727701123
182.37025316455694
198.4829113924051
180.04683544303793
207.19246118351316
206.11234688703664
172.33260716795502
203.5442726633872
160.55583489161992
151.76068072082245
168.67616741809914
158.26036542515814
166.78468025298667
152.1663075869315
145.08759885070765
125.41735769501052
145.24162493217221
131.32531645569622
114.95981230527143
124.14396988152022
127.26874849889253
108.86902781607763
134.70970627218304
138.77326046796077
136.42431460591177
132.22518836119093
165.5693391568891
151.73498644338125
193.1030415590168
166.6692847124825
158.30194097799307
176.19649614576034
201.28777582409376
202.74876043170627
213.55800210526107
199.40707569606798
204.81954552191579
199.29894810659187
162.35877286484094
147.39909337860783
148.2623729238946
137.69476179227874
126.42209640510814
113.79368863955119
92.22819074333802
86.06661991584852
74.09319775596073
