83.47861150070126
66.26075145788737
58.063132022471905
47.551685393258424
47.56959269662921
42.72801966292135
40.75435393258427
44.88609550561798
39.35912921348314
35.853370786516855
36.322823033707856
45.21500173711181
44.77212078651686
31.838623595505624
39.46952247191011
42.854269786857984
36.75316455696203
30.881012658227853
32.47060369324508
32.75840867992767
45.51871921182266
35.92322308233638
50.92828993666432
39.93560872624912
41.61907107670655
55.60492610837439
76.73166783954962
130.52513162720163
173.1335679099226
165.96170664380367
177.86432490936136
223.33734177215192
244.5866661024951
224.07153893806182
214.42983903295058
206.54438575080843
209.54240506329114
232.1020635316545
239.70530469717352
242.8451384744208
228.1437539610677
236.44222279489745
221.0892329345531
234.2214911141727
197.9953275316926
211.29969001199314
188.90375365493455
212.72528572319368
185.26687526167166
221.70951727701123
183.37025316455694
196.9829113924051
195.54683544303793
177.19246118351316
191.11234688703664
167.33260716795502
204.5442726633872
155.55583489161992
153.76068072082245
172.67616741809914
180.26036542515814
139.28468025298667
128.66630758693083
137.08759885070765
122.91735769501052
136.24162493217221
113.82531645569621
134.95981230527144
129.6439698815202
126.26874849889253
138.86902781607762
128.70970627218304
145.77326046796077
116.42431460591176
150.72518836119093
150.5693391568891
183.73498644338125
198.1030415590168
176.1692847124825
171.30194097799307
177.19649614576034
178.28777582409376
184.24876043170627
235.05800210526107
214.90707569606798
184.81954552191579
168.79894810659187
184.85877286484094
181.39909337860783
159.7623729238946
133.19476179227874
119.42209640510814
105.79368863955119
93.72819074333802
84.06661991584852
73.09319775596073
