72.47861150070126
53.760751457887366
51.063132022471905
59.551685393258424
45.06959269662921
48.22801966292135
45.75435393258427
42.38609550561798
37.35912921348314
48.353370786516855
47.322823033707856
32.71500173711181
44.77212078651686
29.338623595505624
42.46952247191011
30.85426978685798
40.25316455696203
44.88101265822785
39.97060369324508
43.25840867992767
46.51871921182266
38.92322308233638
40.92828993666432
49.43560872624912
47.11907107670655
59.60492610837439
83.73166783954962
114.02513162720163
164.6335679099226
173.96170664380367
203.86432490936136
216.33734177215192
233.5866661024951
263.07153893806185
235.42983903295058
204.04438575080843
230.54240506329114
218.6020635316545
214.20530469717352
253.3451384744208
246.1437539610677
202.44222279489745
193.0892329345531
217.2214911141727
199.9953275316926
208.29969001199314
233.90375365493455
187.22528572319368
184.26687526167166
192.70951727701123
188.87025316455694
198.4829113924051
171.04683544303793
187.19246118351316
203.11234688703664
196.33260716795502
193.5442726633872
175.05583489161992
154.26068072082245
156.67616741809914
165.76036542515814
137.28468025298667
128.16630758693083
150.58759885070765
132.91735769501054
129.74162493217221
127.82531645569621
122.45981230527143
128.6439698815202
123.76874849889253
126.36902781607763
110.20970627218304
142.77326046796077
127.42431460591176
143.72518836119093
166.5693391568891
152.23498644338125
177.1030415590168
188.6692847124825
177.30194097799307
207.69649614576034
209.78777582409376
200.74876043170627
194.05800210526107
222.40707569606798
188.31954552191579
192.29894810659187
166.85877286484094
157.39909337860783
161.2623729238946
113.69476179227874
128.42209640510814
103.29368863955119
92.72819074333802
77.06661991584852
76.09319775596073
