61.97861150070126
60.260751457887366
51.563132022471905
64.55168539325842
49.56959269662921
49.22801966292135
46.25435393258427
40.88609550561798
40.35912921348314
48.353370786516855
32.822823033707856
35.71500173711181
36.27212078651686
29.838623595505624
28.96952247191011
38.354269786857984
40.75316455696203
37.38101265822785
32.97060369324508
41.75840867992767
48.01871921182266
49.92322308233638
38.92828993666432
36.43560872624912
43.11907107670655
54.60492610837439
82.23166783954962
132.02513162720163
173.6335679099226
148.96170664380367
164.36432490936136
192.83734177215192
212.5866661024951
244.57153893806182
206.42983903295058
233.54438575080843
216.54240506329114
204.6020635316545
215.70530469717352
242.3451384744208
225.6437539610677
216.44222279489745
204.5892329345531
219.2214911141727
229.9953275316926
209.79969001199314
194.40375365493455
192.72528572319368
218.76687526167166
196.70951727701123
215.37025316455694
176.9829113924051
196.04683544303793
184.69246118351316
164.61234688703664
182.83260716795502
205.0442726633872
164.55583489161992
148.76068072082245
163.67616741809914
154.26036542515814
169.28468025298667
133.16630758693097
124.08759885070765
148.91735769501054
119.2416249321722
135.82531645569622
130.45981230527144
131.1439698815202
128.26874849889253
113.86902781607763
131.70970627218304
121.27326046796075
139.92431460591177
131.22518836119093
158.5693391568891
161.73498644338125
186.6030415590168
201.1692847124825
200.80194097799307
178.69649614576034
206.28777582409376
192.24876043170627
215.55800210526107
186.90707569606798
183.81954552191579
193.29894810659187
172.35877286484094
160.39909337860783
161.2623729238946
128.69476179227874
102.92209640510814
106.79368863955119
109.22819074333802
84.56661991584852
81.09319775596073
