72.47861150070126
58.260751457887366
56.563132022471905
65.05168539325842
55.56959269662921
53.22801966292135
49.75435393258427
52.38609550561798
45.35912921348314
52.853370786516855
40.822823033707856
36.71500173711181
36.77212078651686
31.338623595505624
38.96952247191011
31.35426978685798
34.75316455696203
35.88101265822785
43.97060369324508
42.75840867992767
35.01871921182266
34.92322308233638
46.42828993666432
39.93560872624912
47.11907107670655
45.60492610837439
78.73166783954962
137.52513162720163
170.6335679099226
174.46170664380367
185.86432490936136
184.83734177215192
204.5866661024951
258.07153893806185
209.42983903295058
220.04438575080843
232.04240506329114
235.1020635316545
222.70530469717352
239.8451384744208
219.6437539610677
229.44222279489745
190.5892329345531
207.2214911141727
195.4953275316926
233.79969001199314
232.40375365493455
206.22528572319368
200.26687526167166
187.70951727701123
185.37025316455694
181.9829113924051
164.04683544303793
192.69246118351316
198.11234688703664
172.83260716795502
170.0442726633872
184.05583489161992
183.26068072082245
172.17616741809914
151.76036542515814
155.78468025298667
148.6663075869314
142.08759885070765
139.41735769501054
145.74162493217221
127.82531645569621
115.95981230527143
137.1439698815202
122.76874849889253
116.86902781607763
123.20970627218304
128.77326046796077
137.42431460591177
126.22518836119094
135.0693391568891
156.73498644338125
166.1030415590168
199.1692847124825
178.30194097799307
174.19649614576034
195.78777582409376
183.74876043170627
224.05800210526107
189.90707569606798
169.31954552191579
167.79894810659187
164.85877286484094
176.39909337860783
160.7623729238946
133.69476179227874
118.92209640510814
94.29368863955119
92.72819074333802
79.06661991584852
87.09319775596073
