82.47861150070126
60.260751457887366
53.563132022471905
46.551685393258424
60.06959269662921
41.72801966292135
53.75435393258427
38.88609550561798
46.85912921348314
52.853370786516855
35.322823033707856
33.21500173711181
45.77212078651686
32.338623595505624
32.46952247191011
38.354269786857984
32.75316455696203
34.38101265822785
40.47060369324508
47.25840867992767
48.01871921182266
40.42322308233638
49.42828993666432
40.93560872624912
46.11907107670655
50.10492610837439
84.73166783954962
129.02513162720163
147.6335679099226
152.46170664380367
202.86432490936136
227.33734177215192
219.5866661024951
250.07153893806182
206.92983903295058
253.54438575080843
247.54240506329114
232.1020635316545
243.20530469717352
241.3451384744208
227.6437539610677
242.94222279489745
191.5892329345531
221.2214911141727
207.9953275316926
190.79969001199314
217.90375365493455
199.22528572319368
194.26687526167166
190.70951727701123
168.37025316455694
206.4829113924051
199.04683544303793
162.19246118351316
181.61234688703664
202.33260716795502
184.5442726633872
194.05583489161992
165.76068072082245
149.67616741809914
179.76036542515814
168.28468025298667
142.66630758693123
133.08759885070765
123.91735769501052
123.2416249321722
133.32531645569622
111.95981230527143
122.14396988152022
119.26874849889253
110.86902781607763
139.70970627218304
145.27326046796077
126.92431460591176
126.22518836119094
156.0693391568891
149.23498644338125
195.1030415590168
180.1692847124825
193.80194097799307
172.19649614576034
204.28777582409376
195.24876043170627
197.05800210526107
212.90707569606798
182.81954552191579
172.29894810659187
175.85877286484094
171.89909337860783
137.2623729238946
136.69476179227874
133.92209640510814
99.29368863955119
97.22819074333802
93.56661991584852
88.59319775596073
