78.97861150070126
62.260751457887366
58.063132022471905
66.05168539325842
49.56959269662921
56.22801966292135
45.25435393258427
45.88609550561798
48.85912921348314
44.353370786516855
34.822823033707856
38.21500173711181
29.772120786516858
42.838623595505624
32.46952247191011
41.354269786857984
42.25316455696203
37.88101265822785
44.47060369324508
35.75840867992767
38.01871921182266
34.42322308233638
35.42828993666432
37.43560872624912
48.11907107670655
55.60492610837439
73.23166783954962
123.52513162720163
153.1335679099226
188.46170664380367
188.86432490936136
227.83734177215192
210.5866661024951
212.57153893806182
253.92983903295058
222.04438575080843
213.04240506329114
258.6020635316545
247.70530469717352
249.8451384744208
225.1437539610677
233.44222279489745
221.5892329345531
212.7214911141727
225.9953275316926
209.29969001199314
192.40375365493455
203.72528572319368
213.76687526167166
190.70951727701123
214.37025316455694
209.9829113924051
200.54683544303793
192.69246118351316
198.61234688703664
181.33260716795502
206.5442726633872
186.05583489161992
169.76068072082245
180.67616741809914
146.26036542515814
170.28468025298667
146.66630758693134
147.58759885070765
128.41735769501054
130.74162493217221
111.82531645569621
111.45981230527143
112.14396988152022
110.76874849889253
112.36902781607763
119.20970627218304
124.77326046796075
111.92431460591176
135.72518836119093
163.0693391568891
171.23498644338125
164.1030415590168
168.6692847124825
199.30194097799307
178.19649614576034
214.28777582409376
193.24876043170627
198.55800210526107
208.90707569606798
208.31954552191579
168.29894810659187
161.35877286484094
153.89909337860783
149.7623729238946
139.69476179227874
122.92209640510814
105.29368863955119
93.22819074333802
90.56661991584852
81.09319775596073
