67.47861150070126
71.26075145788737
58.563132022471905
58.051685393258424
49.56959269662921
48.22801966292135
54.75435393258427
36.88609550561798
39.85912921348314
37.853370786516855
44.822823033707856
42.21500173711181
36.77212078651686
40.338623595505624
43.96952247191011
42.854269786857984
40.25316455696203
40.38101265822785
43.97060369324508
33.25840867992767
37.01871921182266
34.42322308233638
51.42828993666432
46.43560872624912
43.61907107670655
51.60492610837439
66.73166783954962
140.02513162720163
157.6335679099226
160.96170664380367
201.86432490936136
196.83734177215192
237.0866661024951
243.57153893806182
241.92983903295058
244.04438575080843
256.04240506329114
220.1020635316545
226.70530469717352
214.8451384744208
235.1437539610677
219.94222279489745
204.5892329345531
215.2214911141727
203.4953275316926
188.29969001199314
193.40375365493455
214.22528572319368
207.26687526167166
205.20951727701123
199.87025316455694
165.9829113924051
196.54683544303793
197.19246118351316
190.11234688703664
184.33260716795502
205.5442726633872
158.55583489161992
164.26068072082245
168.17616741809914
149.76036542515814
169.28468025298667
145.1663075869313
130.08759885070765
144.91735769501054
121.7416249321722
110.82531645569621
122.95981230527143
138.6439698815202
125.76874849889253
132.36902781607762
135.70970627218304
126.27326046796075
113.42431460591176
146.22518836119093
135.0693391568891
180.23498644338125
178.1030415590168
172.6692847124825
173.80194097799307
198.19649614576034
213.28777582409376
210.24876043170627
223.05800210526107
193.40707569606798
194.31954552191579
184.29894810659187
189.35877286484094
164.89909337860783
154.2623729238946
144.69476179227874
103.92209640510814
113.79368863955119
100.22819074333802
97.06661991584852
66.09319775596073
