80.47861150070126
67.26075145788737
50.063132022471905
64.55168539325842
54.56959269662921
42.22801966292135
52.75435393258427
46.88609550561798
38.35912921348314
42.853370786516855
45.822823033707856
37.71500173711181
39.27212078651686
29.838623595505624
41.46952247191011
38.354269786857984
42.25316455696203
29.381012658227853
38.47060369324508
43.25840867992767
39.01871921182266
49.42322308233638
46.92828993666432
48.93560872624912
52.61907107670655
48.10492610837439
63.731667839549615
119.02513162720163
135.1335679099226
156.46170664380367
185.86432490936136
184.83734177215192
206.0866661024951
251.57153893806182
227.92983903295058
235.54438575080843
241.54240506329114
211.6020635316545
236.70530469717352
200.8451384744208
217.6437539610677
208.94222279489745
193.0892329345531
233.2214911141727
227.4953275316926
212.29969001199314
225.40375365493455
196.72528572319368
212.26687526167166
175.70951727701123
206.37025316455694
173.4829113924051
169.04683544303793
175.19246118351316
201.11234688703664
190.33260716795502
163.0442726633872
167.05583489161992
167.76068072082245
165.17616741809914
170.26036542515814
154.28468025298667
136.16630758693105
155.08759885070765
123.41735769501052
119.7416249321722
119.32531645569621
114.45981230527143
120.64396988152022
120.76874849889253
115.86902781607763
129.70970627218304
139.27326046796077
144.42431460591177
131.72518836119093
156.5693391568891
157.73498644338125
200.6030415590168
179.1692847124825
200.30194097799307
167.69649614576034
212.78777582409376
219.74876043170627
233.05800210526107
202.90707569606798
193.81954552191579
162.79894810659187
165.35877286484094
174.39909337860783
160.2623729238946
117.19476179227874
114.42209640510814
96.29368863955119
83.22819074333802
82.06661991584852
75.09319775596073
