75.97861150070126
74.76075145788737
69.5631320224719
64.05168539325842
51.06959269662921
54.22801966292135
54.25435393258427
54.38609550561798
37.35912921348314
44.353370786516855
46.322823033707856
49.21500173711181
44.77212078651686
44.338623595505624
30.96952247191011
28.35426978685798
34.25316455696203
38.88101265822785
42.47060369324508
47.75840867992767
40.01871921182266
34.42322308233638
48.92828993666432
42.93560872624912
48.61907107670655
58.10492610837439
81.73166783954962
132.02513162720163
136.6335679099226
170.46170664380367
165.36432490936136
218.83734177215192
229.0866661024951
218.07153893806182
218.92983903295058
208.04438575080843
223.04240506329114
258.6020635316545
247.70530469717352
239.8451384744208
208.6437539610677
195.94222279489745
224.0892329345531
217.7214911141727
206.4953275316926
229.29969001199314
188.40375365493455
185.72528572319368
223.76687526167166
206.20951727701123
197.37025316455694
192.4829113924051
207.54683544303793
168.19246118351316
195.61234688703664
186.83260716795502
179.0442726633872
188.55583489161992
179.76068072082245
158.17616741809914
173.76036542515814
154.78468025298667
136.66630758693105
148.58759885070765
130.91735769501054
135.74162493217221
125.32531645569621
120.95981230527143
121.64396988152022
111.26874849889253
123.36902781607763
134.20970627218304
131.77326046796077
124.92431460591176
147.22518836119093
135.0693391568891
145.23498644338125
200.1030415590168
183.1692847124825
165.80194097799307
198.69649614576034
180.28777582409376
219.74876043170627
240.55800210526107
180.40707569606798
166.81954552191579
198.79894810659187
186.85877286484094
160.89909337860783
166.7623729238946
126.19476179227874
123.42209640510814
121.29368863955119
95.22819074333802
87.06661991584852
70.09319775596073
