80.97861150070126
69.76075145788737
58.063132022471905
62.551685393258424
47.56959269662921
46.72801966292135
39.25435393258427
46.88609550561798
42.35912921348314
37.853370786516855
35.322823033707856
35.21500173711181
35.27212078651686
43.838623595505624
27.96952247191011
31.85426978685798
41.75316455696203
45.88101265822785
35.97060369324508
47.25840867992767
35.51871921182266
49.42322308233638
36.42828993666432
34.43560872624912
38.11907107670655
46.60492610837439
84.73166783954962
113.02513162720163
164.1335679099226
181.96170664380367
180.86432490936136
193.83734177215192
230.5866661024951
229.57153893806182
240.92983903295058
216.04438575080843
255.54240506329114
237.1020635316545
228.20530469717352
217.8451384744208
244.1437539610677
212.94222279489745
223.5892329345531
220.7214911141727
212.4953275316926
224.29969001199314
227.90375365493455
228.22528572319368
196.76687526167166
216.70951727701123
188.87025316455694
190.9829113924051
207.54683544303793
200.69246118351316
184.61234688703664
200.83260716795502
189.0442726633872
169.05583489161992
171.76068072082245
148.67616741809914
164.26036542515814
138.28468025298667
136.66630758693105
123.08759885070765
123.91735769501052
112.7416249321722
118.82531645569621
125.95981230527143
120.64396988152022
122.76874849889253
138.86902781607762
116.70970627218304
140.27326046796077
140.42431460591177
125.72518836119094
162.0693391568891
174.73498644338125
157.6030415590168
189.6692847124825
171.80194097799307
186.19649614576034
190.78777582409376
183.74876043170627
198.55800210526107
217.90707569606798
185.31954552191579
204.29894810659187
193.35877286484094
159.39909337860783
134.2623729238946
141.69476179227874
121.42209640510814
119.29368863955119
97.72819074333802
86.06661991584852
68.59319775596073
