66.47861150070126
64.26075145788737
67.5631320224719
63.551685393258424
64.0695926966292
42.22801966292135
53.25435393258427
36.88609550561798
48.35912921348314
46.853370786516855
48.822823033707856
47.71500173711181
44.27212078651686
30.338623595505624
41.46952247191011
34.854269786857984
40.25316455696203
45.88101265822785
31.47060369324508
46.25840867992767
47.51871921182266
33.92322308233638
34.92828993666432
50.93560872624912
40.11907107670655
45.10492610837439
61.731667839549615
125.52513162720163
147.1335679099226
185.46170664380367
168.86432490936136
191.83734177215192
238.5866661024951
258.57153893806185
235.92983903295058
218.54438575080843
243.04240506329114
234.1020635316545
210.20530469717352
216.3451384744208
221.6437539610677
196.44222279489745
201.5892329345531
222.7214911141727
206.9953275316926
190.79969001199314
234.90375365493455
232.22528572319368
179.76687526167166
185.20951727701123
208.87025316455694
166.4829113924051
191.04683544303793
173.19246118351316
182.61234688703664
209.33260716795502
197.0442726633872
196.55583489161992
166.26068072082245
163.67616741809914
152.26036542515814
140.78468025298667
146.16630758693134
155.08759885070765
125.41735769501052
131.74162493217221
111.82531645569621
123.45981230527143
124.14396988152022
142.76874849889253
116.36902781607763
127.20970627218304
138.77326046796077
114.42431460591176
139.72518836119093
134.0693391568891
184.73498644338125
161.6030415590168
166.1692847124825
200.30194097799307
191.19649614576034
214.78777582409376
218.24876043170627
194.05800210526107
217.40707569606798
184.31954552191579
201.79894810659187
170.35877286484094
149.39909337860783
131.2623729238946
118.19476179227874
114.42209640510814
103.79368863955119
107.72819074333802
95.56661991584852
83.09319775596073
