60.47861150070126
57.260751457887366
51.063132022471905
57.051685393258424
45.56959269662921
60.72801966292135
49.25435393258427
37.88609550561798
47.35912921348314
49.853370786516855
43.822823033707856
47.71500173711181
38.27212078651686
33.838623595505624
36.46952247191011
44.354269786857984
44.75316455696203
44.38101265822785
44.97060369324508
39.25840867992767
34.51871921182266
50.92322308233638
33.92828993666432
39.43560872624912
38.11907107670655
48.60492610837439
75.23166783954962
137.02513162720163
145.1335679099226
186.96170664380367
167.86432490936136
186.83734177215192
243.0866661024951
238.07153893806182
233.92983903295058
245.04438575080843
248.54240506329114
224.1020635316545
252.20530469717352
237.8451384744208
231.1437539610677
244.94222279489745
233.5892329345531
228.7214911141727
227.4953275316926
235.29969001199314
189.40375365493455
207.22528572319368
209.76687526167166
189.70951727701123
173.87025316455694
170.4829113924051
200.54683544303793
171.69246118351316
167.11234688703664
176.83260716795502
194.0442726633872
181.55583489161992
183.76068072082245
163.67616741809914
158.76036542515814
171.28468025298667
135.66630758693105
134.08759885070765
130.41735769501054
118.2416249321722
134.82531645569622
130.95981230527144
124.14396988152022
139.26874849889253
127.86902781607763
121.20970627218304
135.27326046796077
130.92431460591177
140.22518836119093
142.0693391568891
176.73498644338125
167.6030415590168
171.1692847124825
159.80194097799307
184.19649614576034
209.78777582409376
194.24876043170627
221.05800210526107
225.90707569606798
181.81954552191579
162.79894810659187
192.85877286484094
169.89909337860783
145.2623729238946
147.19476179227874
101.42209640510814
104.29368863955119
91.22819074333802
88.56661991584852
86.09319775596073
