76.47861150070126
72.76075145788737
50.063132022471905
51.551685393258424
62.06959269662921
49.22801966292135
47.75435393258427
47.88609550561798
39.35912921348314
49.853370786516855
40.322823033707856
41.71500173711181
37.77212078651686
41.338623595505624
42.96952247191011
40.354269786857984
34.25316455696203
36.88101265822785
34.97060369324508
46.75840867992767
34.51871921182266
49.42322308233638
39.42828993666432
44.93560872624912
48.61907107670655
57.60492610837439
77.73166783954962
118.52513162720163
164.6335679099226
148.96170664380367
174.36432490936136
225.83734177215192
202.5866661024951
244.57153893806182
220.42983903295058
210.04438575080843
252.04240506329114
229.1020635316545
209.70530469717352
219.8451384744208
223.6437539610677
196.44222279489745
231.0892329345531
234.2214911141727
210.9953275316926
202.29969001199314
203.90375365493455
188.72528572319368
198.26687526167166
181.20951727701123
184.87025316455694
181.4829113924051
184.04683544303793
181.69246118351316
195.61234688703664
182.83260716795502
174.0442726633872
155.55583489161992
189.76068072082245
182.17616741809914
170.76036542515814
157.78468025298667
148.1663075869314
141.58759885070765
139.91735769501054
143.24162493217221
115.82531645569621
110.95981230527143
118.14396988152022
114.76874849889253
130.86902781607762
133.20970627218304
114.27326046796075
126.92431460591176
151.72518836119093
162.5693391568891
146.73498644338125
170.1030415590168
177.6692847124825
160.80194097799307
209.69649614576034
195.78777582409376
203.74876043170627
191.55800210526107
206.40707569606798
181.31954552191579
186.79894810659187
170.85877286484094
147.39909337860783
160.2623729238946
113.69476179227874
127.92209640510814
97.79368863955119
85.72819074333802
80.06661991584852
73.59319775596073
