67.97861150070126
69.26075145788737
70.5631320224719
49.051685393258424
58.56959269662921
60.72801966292135
49.75435393258427
53.38609550561798
46.85912921348314
41.353370786516855
37.322823033707856
49.21500173711181
30.772120786516858
34.338623595505624
27.96952247191011
30.35426978685798
30.753164556962027
39.38101265822785
31.97060369324508
38.75840867992767
45.51871921182266
40.92322308233638
35.92828993666432
47.93560872624912
43.11907107670655
54.60492610837439
78.73166783954962
125.02513162720163
170.6335679099226
169.96170664380367
199.36432490936136
222.33734177215192
236.5866661024951
239.57153893806182
245.92983903295058
219.04438575080843
220.04240506329114
257.1020635316545
259.2053046971735
242.8451384744208
204.6437539610677
240.94222279489745
239.5892329345531
219.2214911141727
212.9953275316926
234.29969001199314
215.90375365493455
215.22528572319368
209.76687526167166
220.20951727701123
195.37025316455694
172.9829113924051
200.54683544303793
186.69246118351316
184.61234688703664
202.83260716795502
200.0442726633872
184.05583489161992
184.26068072082245
180.17616741809914
180.26036542515814
163.78468025298667
161.6663075869318
130.58759885070765
148.91735769501054
145.24162493217221
112.32531645569621
108.95981230527143
108.14396988152022
124.76874849889253
110.86902781607763
138.20970627218304
145.27326046796077
143.42431460591177
148.72518836119093
153.5693391568891
145.73498644338125
190.1030415590168
167.6692847124825
174.80194097799307
192.19649614576034
195.78777582409376
227.74876043170627
235.05800210526107
217.40707569606798
204.81954552191579
163.29894810659187
196.35877286484094
158.39909337860783
140.7623729238946
120.69476179227874
131.92209640510814
114.79368863955119
85.22819074333802
83.56661991584852
70.59319775596073
