71.97861150070126
68.76075145788737
62.563132022471905
61.051685393258424
60.56959269662921
42.22801966292135
45.75435393258427
46.38609550561798
44.35912921348314
50.353370786516855
35.822823033707856
37.71500173711181
40.27212078651686
36.838623595505624
33.96952247191011
38.854269786857984
46.25316455696203
43.38101265822785
38.47060369324508
40.25840867992767
33.51871921182266
34.42322308233638
42.42828993666432
40.43560872624912
39.61907107670655
43.10492610837439
70.73166783954962
111.02513162720163
147.1335679099226
180.96170664380367
172.36432490936136
184.33734177215192
241.0866661024951
217.57153893806182
222.42983903295058
254.04438575080843
204.04240506329114
225.1020635316545
239.70530469717352
253.8451384744208
236.6437539610677
204.94222279489745
236.5892329345531
208.7214911141727
200.9953275316926
222.79969001199314
204.90375365493455
213.22528572319368
221.76687526167166
176.20951727701123
202.37025316455694
170.4829113924051
193.54683544303793
195.69246118351316
198.11234688703664
169.83260716795502
207.0442726633872
155.55583489161992
155.76068072082245
170.67616741809914
151.76036542515814
154.78468025298667
162.1663075869318
156.08759885070765
121.91735769501052
137.24162493217221
138.32531645569622
139.95981230527144
122.64396988152022
124.26874849889253
134.86902781607762
131.20970627218304
125.27326046796075
120.42431460591176
151.72518836119093
155.0693391568891
147.73498644338125
191.1030415590168
187.6692847124825
179.30194097799307
170.69649614576034
216.78777582409376
228.74876043170627
198.55800210526107
212.90707569606798
211.81954552191579
194.79894810659187
170.85877286484094
161.89909337860783
162.2623729238946
146.19476179227874
128.92209640510814
111.29368863955119
98.72819074333802
82.56661991584852
75.59319775596073
