63.47861150070126
64.26075145788737
67.5631320224719
49.551685393258424
57.56959269662921
58.22801966292135
51.75435393258427
47.38609550561798
43.85912921348314
41.353370786516855
35.822823033707856
48.21500173711181
40.77212078651686
29.838623595505624
33.96952247191011
43.854269786857984
45.75316455696203
41.38101265822785
30.97060369324508
38.75840867992767
42.01871921182266
50.42322308233638
42.42828993666432
36.93560872624912
52.11907107670655
48.10492610837439
75.73166783954962
115.52513162720163
139.1335679099226
157.96170664380367
181.86432490936136
229.83734177215192
246.0866661024951
257.07153893806185
239.42983903295058
213.04438575080843
243.04240506329114
211.1020635316545
211.70530469717352
233.8451384744208
226.6437539610677
205.44222279489745
214.0892329345531
200.2214911141727
186.9953275316926
228.29969001199314
217.90375365493455
188.22528572319368
218.76687526167166
208.20951727701123
180.37025316455694
178.4829113924051
182.04683544303793
183.69246118351316
166.61234688703664
179.83260716795502
206.0442726633872
181.05583489161992
180.26068072082245
157.17616741809914
171.26036542515814
171.28468025298667
160.66630758693174
155.58759885070765
130.41735769501054
113.7416249321722
113.32531645569621
112.45981230527143
139.6439698815202
128.26874849889253
133.36902781607762
115.20970627218304
125.27326046796075
145.92431460591177
138.72518836119093
169.0693391568891
167.23498644338125
175.6030415590168
179.1692847124825
189.30194097799307
207.19649614576034
198.28777582409376
208.74876043170627
241.05800210526107
201.90707569606798
210.81954552191579
198.79894810659187
163.85877286484094
152.89909337860783
154.2623729238946
141.69476179227874
128.42209640510814
106.79368863955119
86.22819074333802
83.56661991584852
83.09319775596073
