70.47861150070126
55.260751457887366
66.5631320224719
58.051685393258424
53.06959269662921
42.22801966292135
51.75435393258427
49.38609550561798
49.35912921348314
41.853370786516855
43.322823033707856
39.21500173711181
39.27212078651686
29.338623595505624
28.46952247191011
40.854269786857984
32.75316455696203
37.38101265822785
35.97060369324508
45.75840867992767
39.51871921182266
43.42322308233638
49.92828993666432
47.93560872624912
39.11907107670655
54.10492610837439
65.73166783954962
118.52513162720163
135.6335679099226
147.46170664380367
186.36432490936136
185.33734177215192
225.5866661024951
219.57153893806182
235.92983903295058
206.04438575080843
219.04240506329114
209.6020635316545
252.20530469717352
231.8451384744208
199.1437539610677
199.44222279489745
195.0892329345531
214.7214911141727
214.9953275316926
220.79969001199314
236.90375365493455
218.72528572319368
191.26687526167166
214.20951727701123
195.87025316455694
167.4829113924051
162.54683544303793
165.19246118351316
189.11234688703664
190.83260716795502
167.0442726633872
180.55583489161992
179.26068072082245
156.67616741809914
142.76036542515814
143.78468025298667
133.16630758693097
148.08759885070765
147.91735769501054
132.74162493217221
115.82531645569621
119.95981230527143
126.14396988152022
112.76874849889253
140.36902781607762
134.20970627218304
135.77326046796077
130.92431460591177
143.72518836119093
163.0693391568891
179.73498644338125
187.6030415590168
163.6692847124825
173.80194097799307
171.19649614576034
213.78777582409376
208.74876043170627
195.55800210526107
226.40707569606798
209.81954552191579
196.79894810659187
157.85877286484094
155.89909337860783
149.2623729238946
147.19476179227874
108.92209640510814
113.79368863955119
97.22819074333802
91.56661991584852
72.59319775596073
