64.47861150070126
64.26075145788737
61.563132022471905
53.051685393258424
48.06959269662921
55.72801966292135
46.75435393258427
51.88609550561798
47.85912921348314
39.353370786516855
40.322823033707856
48.21500173711181
36.27212078651686
28.838623595505624
39.46952247191011
31.85426978685798
33.75316455696203
29.381012658227853
43.97060369324508
36.25840867992767
37.01871921182266
51.42322308233638
34.42828993666432
43.43560872624912
39.61907107670655
49.60492610837439
67.73166783954962
133.52513162720163
160.6335679099226
160.46170664380367
182.36432490936136
197.33734177215192
253.0866661024951
248.07153893806182
202.92983903295058
253.04438575080843
205.54240506329114
224.6020635316545
237.70530469717352
223.8451384744208
221.6437539610677
220.94222279489745
215.0892329345531
223.2214911141727
210.9953275316926
209.79969001199314
233.40375365493455
186.22528572319368
189.76687526167166
174.20951727701123
193.87025316455694
210.9829113924051
174.54683544303793
185.69246118351316
203.11234688703664
171.33260716795502
180.5442726633872
163.55583489161992
149.76068072082245
175.17616741809914
145.26036542515814
163.78468025298667
152.1663075869315
143.58759885070765
148.91735769501054
115.2416249321722
125.32531645569621
122.95981230527143
118.14396988152022
137.76874849889253
129.36902781607762
113.70970627218304
131.27326046796077
136.92431460591177
155.22518836119093
139.0693391568891
160.23498644338125
180.6030415590168
201.6692847124825
159.30194097799307
173.69649614576034
215.78777582409376
214.24876043170627
201.05800210526107
182.90707569606798
208.81954552191579
172.79894810659187
173.35877286484094
182.89909337860783
131.7623729238946
131.19476179227874
105.92209640510814
109.29368863955119
91.22819074333802
96.56661991584852
68.09319775596073
