76.97861150070126
65.26075145788737
55.563132022471905
62.051685393258424
54.06959269662921
56.72801966292135
55.25435393258427
43.88609550561798
36.85912921348314
36.353370786516855
39.822823033707856
32.21500173711181
44.77212078651686
37.838623595505624
29.96952247191011
38.354269786857984
35.75316455696203
30.881012658227853
34.47060369324508
37.75840867992767
37.51871921182266
35.42322308233638
47.92828993666432
47.43560872624912
42.11907107670655
59.10492610837439
66.23166783954962
135.02513162720163
151.1335679099226
156.46170664380367
177.86432490936136
218.83734177215192
253.0866661024951
250.57153893806182
255.92983903295058
246.04438575080843
238.54240506329114
259.1020635316545
242.70530469717352
235.8451384744208
221.6437539610677
220.44222279489745
213.0892329345531
208.2214911141727
229.4953275316926
217.79969001199314
223.40375365493455
212.72528572319368
180.76687526167166
210.20951727701123
186.37025316455694
193.4829113924051
168.04683544303793
168.19246118351316
171.61234688703664
185.33260716795502
179.5442726633872
162.55583489161992
148.26068072082245
182.17616741809914
172.26036542515814
171.28468025298667
144.66630758693128
146.58759885070765
134.91735769501054
142.24162493217221
139.82531645569622
132.95981230527144
138.6439698815202
131.76874849889253
124.36902781607763
139.20970627218304
128.77326046796077
142.92431460591177
131.22518836119093
162.0693391568891
173.73498644338125
187.1030415590168
173.6692847124825
189.80194097799307
190.19649614576034
209.78777582409376
182.74876043170627
217.05800210526107
212.90707569606798
192.81954552191579
183.79894810659187
180.85877286484094
173.89909337860783
166.7623729238946
134.69476179227874
122.92209640510814
112.79368863955119
108.72819074333802
87.06661991584852
70.09319775596073
