63.97861150070126
65.76075145788737
69.0631320224719
57.051685393258424
63.06959269662921
43.22801966292135
39.75435393258427
49.38609550561798
41.35912921348314
44.353370786516855
42.322823033707856
38.21500173711181
32.77212078651686
33.838623595505624
34.96952247191011
34.854269786857984
38.25316455696203
40.38101265822785
46.47060369324508
45.75840867992767
49.01871921182266
40.92322308233638
41.92828993666432
38.43560872624912
47.61907107670655
47.60492610837439
77.23166783954962
115.52513162720163
157.1335679099226
183.46170664380367
193.36432490936136
216.83734177215192
246.0866661024951
263.57153893806185
238.42983903295058
227.04438575080843
216.04240506329114
229.6020635316545
210.20530469717352
205.8451384744208
210.6437539610677
192.94222279489745
210.0892329345531
224.2214911141727
193.4953275316926
213.79969001199314
216.90375365493455
208.22528572319368
190.26687526167166
201.70951727701123
177.87025316455694
189.4829113924051
170.04683544303793
169.69246118351316
190.11234688703664
190.83260716795502
167.5442726633872
157.55583489161992
161.76068072082245
162.17616741809914
145.76036542515814
149.78468025298667
155.1663075869316
143.08759885070765
144.91735769501054
144.24162493217221
125.82531645569621
135.95981230527144
131.1439698815202
120.26874849889253
129.86902781607762
111.70970627218304
140.27326046796077
116.42431460591176
155.72518836119093
154.0693391568891
155.73498644338125
161.1030415590168
188.1692847124825
193.30194097799307
208.19649614576034
192.28777582409376
185.74876043170627
233.55800210526107
185.90707569606798
191.31954552191579
190.29894810659187
179.35877286484094
156.39909337860783
160.2623729238946
117.19476179227874
123.42209640510814
97.79368863955119
105.22819074333802
83.06661991584852
77.09319775596073
