74.47861150070126
57.760751457887366
56.563132022471905
52.051685393258424
62.06959269662921
48.22801966292135
48.25435393258427
38.88609550561798
46.85912921348314
38.853370786516855
35.322823033707856
47.21500173711181
39.27212078651686
41.838623595505624
34.96952247191011
42.354269786857984
43.75316455696203
37.88101265822785
46.97060369324508
39.25840867992767
46.51871921182266
47.42322308233638
41.42828993666432
46.43560872624912
47.11907107670655
56.60492610837439
67.73166783954962
114.02513162720163
141.1335679099226
146.46170664380367
171.86432490936136
192.83734177215192
238.5866661024951
225.57153893806182
223.92983903295058
204.04438575080843
215.54240506329114
232.1020635316545
245.20530469717352
222.8451384744208
212.1437539610677
194.44222279489745
190.0892329345531
217.7214911141727
185.4953275316926
232.29969001199314
221.40375365493455
226.72528572319368
213.76687526167166
176.70951727701123
186.87025316455694
172.9829113924051
184.54683544303793
194.19246118351316
179.11234688703664
184.33260716795502
201.0442726633872
191.05583489161992
183.26068072082245
175.17616741809914
164.26036542515814
151.28468025298667
133.666307586931
150.58759885070765
130.91735769501054
131.24162493217221
130.32531645569622
110.45981230527143
140.6439698815202
110.76874849889253
114.36902781607763
134.70970627218304
135.27326046796077
137.42431460591177
148.72518836119093
144.0693391568891
157.23498644338125
169.6030415590168
178.1692847124825
188.80194097799307
198.69649614576034
216.28777582409376
230.24876043170627
195.05800210526107
181.40707569606798
177.31954552191579
163.79894810659187
164.35877286484094
177.39909337860783
145.7623729238946
144.19476179227874
129.42209640510814
98.79368863955119
83.22819074333802
86.06661991584852
83.09319775596073
