69.47861150070126
74.76075145788737
50.563132022471905
56.551685393258424
59.56959269662921
53.72801966292135
49.75435393258427
51.88609550561798
49.85912921348314
50.353370786516855
45.322823033707856
48.21500173711181
40.77212078651686
32.338623595505624
40.46952247191011
37.854269786857984
37.25316455696203
45.88101265822785
42.47060369324508
42.25840867992767
49.01871921182266
37.92322308233638
33.92828993666432
47.43560872624912
36.11907107670655
59.10492610837439
61.231667839549615
120.52513162720163
159.6335679099226
146.46170664380367
178.86432490936136
225.83734177215192
201.5866661024951
220.57153893806182
226.42983903295058
243.04438575080843
209.54240506329114
252.1020635316545
215.70530469717352
200.8451384744208
229.6437539610677
239.44222279489745
210.5892329345531
228.2214911141727
198.9953275316926
228.29969001199314
235.90375365493455
214.22528572319368
196.26687526167166
222.70951727701123
190.87025316455694
203.4829113924051
179.54683544303793
189.19246118351316
191.11234688703664
193.33260716795502
171.5442726633872
189.05583489161992
147.76068072082245
183.17616741809914
143.76036542515814
146.78468025298667
153.66630758693157
131.08759885070765
127.41735769501052
128.24162493217221
111.82531645569621
138.45981230527144
111.14396988152022
130.26874849889253
110.36902781607763
142.70970627218304
126.27326046796075
120.92431460591176
153.72518836119093
139.5693391568891
144.73498644338125
187.1030415590168
163.1692847124825
182.30194097799307
169.19649614576034
217.78777582409376
230.74876043170627
213.55800210526107
201.40707569606798
170.31954552191579
193.29894810659187
195.85877286484094
167.89909337860783
147.2623729238946
129.19476179227874
131.42209640510814
102.79368863955119
86.22819074333802
73.06661991584852
79.09319775596073
