65.97861150070126
61.760751457887366
66.5631320224719
53.551685393258424
58.06959269662921
57.72801966292135
47.25435393258427
48.38609550561798
47.85912921348314
39.353370786516855
36.822823033707856
33.21500173711181
41.77212078651686
33.338623595505624
43.46952247191011
40.354269786857984
34.75316455696203
44.38101265822785
40.47060369324508
48.25840867992767
32.01871921182266
39.92322308233638
45.92828993666432
38.43560872624912
54.11907107670655
57.10492610837439
69.23166783954962
141.02513162720163
143.1335679099226
154.96170664380367
206.86432490936136
198.83734177215192
245.0866661024951
218.07153893806182
248.92983903295058
220.04438575080843
232.54240506329114
206.6020635316545
257.2053046971735
230.3451384744208
236.1437539610677
219.44222279489745
201.5892329345531
208.7214911141727
204.4953275316926
213.29969001199314
224.90375365493455
206.22528572319368
215.76687526167166
193.20951727701123
199.87025316455694
191.9829113924051
207.54683544303793
191.69246118351316
171.11234688703664
184.83260716795502
188.5442726633872
159.05583489161992
164.26068072082245
180.17616741809914
168.76036542515814
156.78468025298667
158.16630758693168
155.58759885070765
138.41735769501054
121.7416249321722
142.32531645569622
110.95981230527143
133.6439698815202
121.76874849889253
113.86902781607763
109.20970627218304
124.27326046796075
118.42431460591176
124.72518836119094
154.5693391568891
150.23498644338125
191.6030415590168
188.6692847124825
184.30194097799307
183.69649614576034
205.78777582409376
217.24876043170627
218.55800210526107
209.90707569606798
181.81954552191579
198.29894810659187
179.35877286484094
171.39909337860783
145.7623729238946
141.69476179227874
122.92209640510814
114.29368863955119
94.22819074333802
78.06661991584852
87.59319775596073
