67.47861150070126
71.76075145788737
60.563132022471905
62.051685393258424
53.06959269662921
53.22801966292135
51.25435393258427
36.88609550561798
48.85912921348314
36.853370786516855
48.822823033707856
47.71500173711181
40.77212078651686
36.338623595505624
42.96952247191011
33.854269786857984
34.75316455696203
29.881012658227853
37.97060369324508
38.25840867992767
45.51871921182266
47.42322308233638
41.42828993666432
47.43560872624912
49.61907107670655
58.60492610837439
63.731667839549615
124.52513162720163
144.1335679099226
149.96170664380367
202.86432490936136
204.83734177215192
227.5866661024951
245.57153893806182
226.42983903295058
247.54438575080843
206.54240506329114
238.6020635316545
231.20530469717352
238.8451384744208
227.6437539610677
236.94222279489745
220.5892329345531
220.2214911141727
201.9953275316926
194.29969001199314
203.40375365493455
185.72528572319368
180.76687526167166
219.20951727701123
182.37025316455694
178.4829113924051
176.04683544303793
206.19246118351316
201.61234688703664
191.83260716795502
166.5442726633872
198.55583489161992
162.76068072082245
150.67616741809914
143.76036542515814
153.78468025298667
135.66630758693105
130.08759885070765
132.41735769501054
143.74162493217221
127.32531645569621
139.95981230527144
107.64396988152022
140.76874849889253
122.36902781607763
134.70970627218304
135.27326046796077
117.42431460591176
139.72518836119093
134.5693391568891
181.23498644338125
180.6030415590168
186.6692847124825
160.30194097799307
199.19649614576034
208.28777582409376
224.74876043170627
216.55800210526107
205.40707569606798
170.81954552191579
205.79894810659187
188.85877286484094
147.39909337860783
152.2623729238946
121.69476179227874
126.92209640510814
109.29368863955119
96.22819074333802
73.56661991584852
69.09319775596073
