62.47861150070126
64.76075145788737
71.0631320224719
56.051685393258424
57.06959269662921
51.22801966292135
39.75435393258427
42.38609550561798
45.85912921348314
39.353370786516855
42.822823033707856
47.21500173711181
41.77212078651686
44.338623595505624
33.46952247191011
38.854269786857984
30.753164556962027
32.88101265822785
30.47060369324508
40.25840867992767
47.01871921182266
38.92322308233638
37.42828993666432
36.43560872624912
47.11907107670655
48.60492610837439
65.23166783954962
140.52513162720163
154.1335679099226
171.96170664380367
186.86432490936136
214.33734177215192
218.0866661024951
240.57153893806182
243.92983903295058
234.04438575080843
243.54240506329114
227.6020635316545
254.20530469717352
235.8451384744208
231.1437539610677
198.44222279489745
230.5892329345531
220.2214911141727
218.9953275316926
201.29969001199314
228.40375365493455
195.72528572319368
208.26687526167166
200.20951727701123
171.37025316455694
205.4829113924051
162.54683544303793
171.19246118351316
179.61234688703664
199.33260716795502
172.5442726633872
192.05583489161992
152.76068072082245
159.67616741809914
171.76036542515814
166.78468025298667
161.16630758693177
152.08759885070765
135.91735769501054
121.7416249321722
110.32531645569621
126.95981230527143
139.6439698815202
129.76874849889253
130.86902781607762
135.20970627218304
139.77326046796077
129.42431460591177
156.22518836119093
166.5693391568891
184.73498644338125
160.6030415590168
170.6692847124825
196.80194097799307
200.19649614576034
180.78777582409376
223.74876043170627
240.05800210526107
189.40707569606798
184.81954552191579
196.79894810659187
176.85877286484094
152.39909337860783
134.2623729238946
140.69476179227874
109.42209640510814
98.79368863955119
104.22819074333802
80.56661991584852
71.09319775596073
