64.97861150070126
57.260751457887366
57.063132022471905
57.051685393258424
57.06959269662921
43.22801966292135
45.75435393258427
54.38609550561798
46.85912921348314
43.353370786516855
48.322823033707856
44.21500173711181
44.77212078651686
36.838623595505624
27.96952247191011
43.854269786857984
37.75316455696203
43.38101265822785
38.97060369324508
37.75840867992767
35.01871921182266
36.42322308233638
38.42828993666432
40.43560872624912
42.11907107670655
57.10492610837439
75.23166783954962
111.52513162720163
171.1335679099226
155.96170664380367
186.36432490936136
208.83734177215192
247.0866661024951
254.07153893806182
220.42983903295058
235.04438575080843
231.04240506329114
224.6020635316545
239.20530469717352
222.3451384744208
230.1437539610677
229.44222279489745
238.0892329345531
196.2214911141727
202.4953275316926
223.79969001199314
187.90375365493455
229.22528572319368
201.76687526167166
201.20951727701123
169.37025316455694
210.9829113924051
206.04683544303793
187.19246118351316
174.11234688703664
178.83260716795502
193.0442726633872
198.55583489161992
188.26068072082245
168.67616741809914
183.26036542515814
162.28468025298667
130.66630758693088
153.58759885070765
130.91735769501054
112.2416249321722
133.32531645569622
119.95981230527143
134.6439698815202
134.76874849889253
116.86902781607763
110.70970627218304
122.27326046796075
113.42431460591176
143.72518836119093
155.0693391568891
160.73498644338125
157.6030415590168
201.1692847124825
170.80194097799307
209.69649614576034
206.78777582409376
184.24876043170627
196.05800210526107
181.40707569606798
193.31954552191579
163.29894810659187
174.85877286484094
185.89909337860783
158.7623729238946
131.69476179227874
132.42209640510814
100.79368863955119
109.22819074333802
83.56661991584852
81.59319775596073
