78.47861150070126
58.260751457887366
59.063132022471905
48.051685393258424
59.06959269662921
48.22801966292135
47.75435393258427
54.88609550561798
51.85912921348314
49.853370786516855
45.822823033707856
40.21500173711181
36.77212078651686
34.338623595505624
30.46952247191011
31.85426978685798
37.75316455696203
40.88101265822785
44.97060369324508
45.75840867992767
47.51871921182266
35.42322308233638
35.42828993666432
35.93560872624912
45.61907107670655
50.60492610837439
66.23166783954962
119.52513162720163
137.1335679099226
153.96170664380367
188.86432490936136
207.33734177215192
239.5866661024951
234.07153893806182
237.92983903295058
221.04438575080843
249.54240506329114
236.6020635316545
261.7053046971735
205.8451384744208
236.1437539610677
231.44222279489745
226.0892329345531
218.2214911141727
186.9953275316926
194.29969001199314
212.90375365493455
190.72528572319368
228.76687526167166
185.20951727701123
186.37025316455694
166.4829113924051
180.54683544303793
200.69246118351316
198.11234688703664
168.33260716795502
185.0442726633872
159.55583489161992
155.26068072082245
153.17616741809914
175.26036542515814
141.78468025298667
135.66630758693105
141.08759885070765
153.41735769501054
136.24162493217221
126.82531645569621
117.95981230527143
140.6439698815202
112.26874849889253
119.86902781607763
112.70970627218304
142.77326046796077
112.42431460591176
142.72518836119093
153.0693391568891
147.73498644338125
162.1030415590168
196.1692847124825
184.30194097799307
186.69649614576034
210.78777582409376
217.74876043170627
190.55800210526107
185.90707569606798
199.31954552191579
203.29894810659187
193.35877286484094
173.89909337860783
129.7623729238946
143.19476179227874
133.92209640510814
102.29368863955119
104.72819074333802
77.06661991584852
66.59319775596073
