63.97861150070126
55.260751457887366
57.063132022471905
48.051685393258424
47.56959269662921
46.22801966292135
49.25435393258427
41.88609550561798
36.35912921348314
51.853370786516855
37.322823033707856
42.21500173711181
31.272120786516858
43.838623595505624
38.46952247191011
33.354269786857984
45.25316455696203
36.38101265822785
42.97060369324508
45.25840867992767
45.51871921182266
37.92322308233638
34.42828993666432
45.43560872624912
44.11907107670655
57.60492610837439
75.23166783954962
123.02513162720163
171.6335679099226
171.96170664380367
197.86432490936136
208.33734177215192
219.5866661024951
247.07153893806182
223.92983903295058
226.04438575080843
215.04240506329114
204.1020635316545
228.20530469717352
222.8451384744208
242.6437539610677
231.44222279489745
227.0892329345531
218.7214911141727
198.4953275316926
190.29969001199314
226.90375365493455
190.22528572319368
223.26687526167166
199.70951727701123
200.87025316455694
168.4829113924051
186.54683544303793
183.69246118351316
182.61234688703664
177.33260716795502
167.0442726633872
160.55583489161992
148.76068072082245
151.67616741809914
143.26036542515814
151.28468025298667
154.16630758693157
127.58759885070765
138.91735769501054
128.24162493217221
132.32531645569622
131.95981230527144
135.6439698815202
119.26874849889253
111.36902781607763
126.70970627218304
122.27326046796075
138.92431460591177
150.22518836119093
154.0693391568891
170.23498644338125
176.1030415590168
176.1692847124825
169.80194097799307
186.19649614576034
207.78777582409376
190.74876043170627
199.05800210526107
196.40707569606798
202.81954552191579
188.79894810659187
168.35877286484094
182.39909337860783
167.7623729238946
146.69476179227874
102.92209640510814
115.29368863955119
88.22819074333802
88.56661991584852
86.09319775596073
