82.47861150070126
55.760751457887366
52.063132022471905
61.551685393258424
54.06959269662921
60.72801966292135
56.75435393258427
44.38609550561798
45.35912921348314
49.353370786516855
35.322823033707856
44.71500173711181
43.77212078651686
42.338623595505624
43.46952247191011
40.354269786857984
29.753164556962027
39.38101265822785
39.47060369324508
32.75840867992767
40.51871921182266
36.42322308233638
44.92828993666432
36.93560872624912
41.61907107670655
50.10492610837439
64.23166783954962
139.52513162720163
147.1335679099226
178.96170664380367
170.36432490936136
228.33734177215192
227.0866661024951
246.07153893806182
202.92983903295058
223.54438575080843
208.04240506329114
230.6020635316545
215.70530469717352
251.3451384744208
231.1437539610677
212.44222279489745
192.0892329345531
186.2214911141727
198.4953275316926
208.29969001199314
196.40375365493455
225.72528572319368
196.76687526167166
219.70951727701123
177.87025316455694
178.4829113924051
185.54683544303793
200.19246118351316
209.11234688703664
205.33260716795502
191.0442726633872
162.05583489161992
185.76068072082245
148.67616741809914
171.26036542515814
137.78468025298667
146.16630758693134
133.08759885070765
152.91735769501054
121.7416249321722
118.32531645569621
133.45981230527144
126.14396988152022
119.76874849889253
125.86902781607763
131.70970627218304
123.27326046796075
130.92431460591177
125.22518836119094
154.0693391568891
178.23498644338125
166.1030415590168
163.6692847124825
185.30194097799307
184.19649614576034
217.28777582409376
199.74876043170627
193.55800210526107
214.40707569606798
184.31954552191579
206.29894810659187
183.35877286484094
174.39909337860783
161.7623729238946
128.19476179227874
109.42209640510814
111.29368863955119
87.22819074333802
98.56661991584852
72.59319775596073
