63.47861150070126
58.260751457887366
52.563132022471905
62.551685393258424
48.06959269662921
54.72801966292135
55.75435393258427
38.38609550561798
37.35912921348314
36.353370786516855
38.322823033707856
35.71500173711181
29.272120786516858
44.338623595505624
40.46952247191011
33.854269786857984
41.25316455696203
45.88101265822785
30.47060369324508
35.25840867992767
40.51871921182266
37.42322308233638
43.92828993666432
45.43560872624912
50.11907107670655
42.10492610837439
80.23166783954962
135.02513162720163
161.6335679099226
161.96170664380367
167.36432490936136
215.83734177215192
243.0866661024951
216.57153893806182
203.92983903295058
250.04438575080843
209.54240506329114
251.1020635316545
245.70530469717352
208.3451384744208
248.6437539610677
211.94222279489745
194.5892329345531
230.7214911141727
230.9953275316926
188.29969001199314
201.90375365493455
207.22528572319368
209.26687526167166
187.70951727701123
186.87025316455694
169.9829113924051
190.54683544303793
169.69246118351316
176.11234688703664
195.83260716795502
200.5442726633872
165.05583489161992
162.26068072082245
187.17616741809914
159.76036542515814
153.78468025298667
157.66630758693168
156.58759885070765
140.91735769501054
135.24162493217221
130.32531645569622
129.45981230527144
128.1439698815202
127.76874849889253
125.86902781607763
141.70970627218304
125.77326046796075
138.42431460591177
152.72518836119093
147.5693391568891
167.23498644338125
168.1030415590168
163.6692847124825
188.30194097799307
173.69649614576034
209.78777582409376
227.74876043170627
218.55800210526107
195.90707569606798
179.31954552191579
199.29894810659187
175.35877286484094
151.89909337860783
147.7623729238946
136.19476179227874
109.92209640510814
121.79368863955119
92.22819074333802
80.56661991584852
86.59319775596073
