76.97861150070126
58.760751457887366
54.563132022471905
59.551685393258424
59.56959269662921
55.72801966292135
41.25435393258427
47.38609550561798
44.85912921348314
48.353370786516855
34.822823033707856
32.21500173711181
31.772120786516858
34.838623595505624
43.46952247191011
28.35426978685798
35.25316455696203
30.881012658227853
39.97060369324508
36.75840867992767
45.51871921182266
39.42322308233638
42.42828993666432
37.43560872624912
53.11907107670655
44.10492610837439
66.23166783954962
143.02513162720163
150.1335679099226
151.46170664380367
174.86432490936136
217.83734177215192
203.5866661024951
236.07153893806182
220.42983903295058
229.54438575080843
219.54240506329114
226.6020635316545
239.70530469717352
244.8451384744208
230.1437539610677
204.94222279489745
228.5892329345531
196.2214911141727
195.4953275316926
220.29969001199314
220.90375365493455
219.22528572319368
196.26687526167166
177.70951727701123
212.37025316455694
200.4829113924051
198.54683544303793
175.19246118351316
202.11234688703664
192.33260716795502
193.5442726633872
155.05583489161992
164.26068072082245
183.67616741809914
158.76036542515814
148.78468025298667
164.66630758693185
124.58759885070765
151.41735769501054
126.7416249321722
135.82531645569622
110.45981230527143
121.14396988152022
137.26874849889253
136.86902781607762
123.70970627218304
122.77326046796075
133.92431460591177
138.72518836119093
162.0693391568891
179.73498644338125
178.6030415590168
183.6692847124825
189.30194097799307
176.69649614576034
175.28777582409376
193.24876043170627
203.55800210526107
212.90707569606798
207.81954552191579
177.29894810659187
186.85877286484094
151.89909337860783
136.7623729238946
145.19476179227874
109.42209640510814
94.29368863955119
89.22819074333802
81.56661991584852
88.59319775596073
