81.47861150070126
60.260751457887366
71.0631320224719
62.551685393258424
54.56959269662921
50.72801966292135
50.25435393258427
46.38609550561798
45.85912921348314
49.853370786516855
48.322823033707856
38.71500173711181
32.27212078651686
38.838623595505624
37.96952247191011
34.354269786857984
32.25316455696203
42.38101265822785
35.97060369324508
45.25840867992767
35.01871921182266
42.92322308233638
43.92828993666432
38.43560872624912
51.11907107670655
45.10492610837439
69.23166783954962
135.02513162720163
161.6335679099226
149.96170664380367
169.36432490936136
228.83734177215192
220.5866661024951
225.07153893806182
216.42983903295058
214.54438575080843
206.04240506329114
204.6020635316545
229.20530469717352
243.8451384744208
237.1437539610677
237.44222279489745
230.5892329345531
206.2214911141727
208.4953275316926
226.79969001199314
216.40375365493455
221.22528572319368
223.76687526167166
196.20951727701123
177.87025316455694
207.4829113924051
195.04683544303793
195.19246118351316
205.61234688703664
207.33260716795502
182.0442726633872
176.55583489161992
174.76068072082245
152.67616741809914
171.26036542515814
142.28468025298667
160.16630758693174
127.08759885070765
138.41735769501054
145.24162493217221
141.32531645569622
108.95981230527143
125.14396988152022
123.26874849889253
108.86902781607763
126.70970627218304
128.77326046796077
127.92431460591176
130.72518836119093
163.0693391568891
165.23498644338125
201.6030415590168
187.1692847124825
174.30194097799307
183.19649614576034
198.28777582409376
220.24876043170627
205.05800210526107
190.40707569606798
193.81954552191579
169.79894810659187
182.85877286484094
155.89909337860783
137.7623729238946
140.69476179227874
101.92209640510814
95.29368863955119
89.22819074333802
88.56661991584852
68.09319775596073
