82.97861150070126
65.26075145788737
60.563132022471905
54.051685393258424
46.56959269662921
53.72801966292135
53.25435393258427
54.88609550561798
39.35912921348314
53.353370786516855
40.322823033707856
43.71500173711181
44.77212078651686
35.838623595505624
33.46952247191011
43.354269786857984
41.25316455696203
30.381012658227853
42.97060369324508
47.25840867992767
46.51871921182266
44.42322308233638
39.92828993666432
41.43560872624912
47.61907107670655
55.60492610837439
71.73166783954962
118.52513162720163
142.1335679099226
151.96170664380367
190.86432490936136
180.83734177215192
227.5866661024951
209.57153893806182
225.42983903295058
232.54438575080843
228.54240506329114
209.1020635316545
252.20530469717352
212.3451384744208
227.6437539610677
225.44222279489745
233.0892329345531
215.2214911141727
204.9953275316926
231.29969001199314
236.40375365493455
197.72528572319368
224.76687526167166
176.70951727701123
197.87025316455694
165.9829113924051
173.54683544303793
175.19246118351316
200.11234688703664
175.83260716795502
165.5442726633872
158.05583489161992
180.26068072082245
174.17616741809914
177.76036542515814
173.28468025298667
142.16630758693123
140.58759885070765
137.91735769501054
145.74162493217221
109.82531645569621
112.95981230527143
129.6439698815202
126.26874849889253
134.86902781607762
142.20970627218304
143.77326046796077
114.42431460591176
152.22518836119093
162.0693391568891
179.73498644338125
165.1030415590168
166.1692847124825
188.80194097799307
167.69649614576034
173.78777582409376
201.24876043170627
211.55800210526107
217.40707569606798
198.31954552191579
183.29894810659187
172.35877286484094
160.89909337860783
164.7623729238946
120.19476179227874
105.42209640510814
117.29368863955119
91.72819074333802
79.56661991584852
76.09319775596073
