65.97861150070126
53.760751457887366
52.563132022471905
64.05168539325842
63.56959269662921
55.22801966292135
50.75435393258427
50.38609550561798
49.35912921348314
49.353370786516855
43.822823033707856
39.71500173711181
34.27212078651686
42.338623595505624
33.96952247191011
42.354269786857984
43.25316455696203
37.88101265822785
35.97060369324508
32.25840867992767
47.51871921182266
47.92322308233638
50.92828993666432
38.93560872624912
46.61907107670655
58.10492610837439
70.23166783954962
122.52513162720163
138.6335679099226
181.96170664380367
189.36432490936136
182.33734177215192
247.0866661024951
242.57153893806182
215.92983903295058
246.04438575080843
252.04240506329114
242.6020635316545
210.20530469717352
237.3451384744208
225.1437539610677
208.44222279489745
239.5892329345531
223.7214911141727
214.9953275316926
231.29969001199314
206.40375365493455
192.22528572319368
190.76687526167166
191.70951727701123
188.37025316455694
179.4829113924051
173.04683544303793
196.69246118351316
165.11234688703664
198.83260716795502
206.5442726633872
178.05583489161992
185.76068072082245
169.67616741809914
144.76036542515814
143.78468025298667
137.6663075869311
130.08759885070765
137.91735769501054
113.2416249321722
121.82531645569621
118.95981230527143
118.14396988152022
131.26874849889253
115.86902781607763
133.20970627218304
135.27326046796077
136.42431460591177
156.22518836119093
147.0693391568891
146.73498644338125
183.1030415590168
192.1692847124825
178.80194097799307
187.69649614576034
217.28777582409376
211.74876043170627
232.55800210526107
210.90707569606798
188.31954552191579
175.29894810659187
164.35877286484094
183.39909337860783
141.7623729238946
147.19476179227874
121.92209640510814
93.79368863955119
89.72819074333802
99.06661991584852
74.59319775596073
