69.47861150070126
55.260751457887366
51.563132022471905
49.551685393258424
61.06959269662921
52.22801966292135
51.75435393258427
51.38609550561798
35.35912921348314
52.853370786516855
46.322823033707856
36.71500173711181
29.272120786516858
43.338623595505624
37.46952247191011
36.854269786857984
38.25316455696203
29.381012658227853
33.47060369324508
47.25840867992767
48.51871921182266
39.42322308233638
35.42828993666432
46.43560872624912
43.61907107670655
53.10492610837439
75.23166783954962
136.02513162720163
171.6335679099226
179.96170664380367
180.86432490936136
222.33734177215192
200.5866661024951
255.57153893806182
215.42983903295058
249.04438575080843
244.04240506329114
250.1020635316545
237.20530469717352
202.8451384744208
227.1437539610677
200.94222279489745
212.0892329345531
234.7214911141727
226.9953275316926
214.29969001199314
209.90375365493455
187.72528572319368
188.76687526167166
206.20951727701123
173.87025316455694
178.4829113924051
181.04683544303793
186.69246118351316
164.11234688703664
164.33260716795502
202.5442726633872
172.55583489161992
180.76068072082245
149.67616741809914
178.26036542515814
158.28468025298667
160.66630758693174
151.58759885070765
140.91735769501054
126.7416249321722
114.82531645569621
112.95981230527143
112.14396988152022
132.26874849889253
132.86902781607762
113.20970627218304
140.27326046796077
142.42431460591177
151.22518836119093
171.0693391568891
179.23498644338125
186.6030415590168
204.1692847124825
173.80194097799307
179.69649614576034
213.78777582409376
223.74876043170627
241.05800210526107
201.90707569606798
174.31954552191579
174.29894810659187
184.35877286484094
170.39909337860783
136.7623729238946
133.69476179227874
113.42209640510814
118.29368863955119
106.72819074333802
82.06661991584852
79.59319775596073
