70.97861150070126
56.760751457887366
54.063132022471905
58.551685393258424
62.56959269662921
47.22801966292135
45.25435393258427
54.38609550561798
48.85912921348314
41.353370786516855
38.322823033707856
38.71500173711181
34.27212078651686
41.838623595505624
27.96952247191011
28.35426978685798
33.25316455696203
30.881012658227853
46.47060369324508
40.75840867992767
38.51871921182266
41.92322308233638
43.42828993666432
50.43560872624912
53.11907107670655
45.10492610837439
81.23166783954962
124.02513162720163
151.6335679099226
184.96170664380367
198.86432490936136
195.83734177215192
202.0866661024951
241.07153893806182
216.92983903295058
206.04438575080843
222.54240506329114
211.6020635316545
247.70530469717352
235.3451384744208
221.6437539610677
193.94222279489745
202.0892329345531
232.7214911141727
216.4953275316926
226.79969001199314
232.40375365493455
234.22528572319368
179.76687526167166
186.20951727701123
196.87025316455694
210.9829113924051
184.54683544303793
190.69246118351316
190.11234688703664
203.33260716795502
189.0442726633872
166.05583489161992
153.26068072082245
155.17616741809914
183.26036542515814
137.78468025298667
162.6663075869318
130.58759885070765
130.41735769501054
131.74162493217221
129.82531645569622
122.45981230527143
109.64396988152022
138.76874849889253
109.86902781607763
136.70970627218304
147.27326046796077
115.42431460591176
132.72518836119093
162.0693391568891
181.23498644338125
179.6030415590168
196.1692847124825
188.30194097799307
182.19649614576034
194.28777582409376
195.74876043170627
201.55800210526107
224.40707569606798
165.81954552191579
178.79894810659187
154.35877286484094
155.89909337860783
158.2623729238946
131.19476179227874
106.92209640510814
112.79368863955119
91.72819074333802
99.06661991584852
89.09319775596073
