79.47861150070126
66.76075145788737
51.063132022471905
55.051685393258424
50.56959269662921
50.72801966292135
47.25435393258427
40.38609550561798
51.85912921348314
38.353370786516855
34.322823033707856
42.71500173711181
40.27212078651686
36.338623595505624
31.96952247191011
37.854269786857984
37.75316455696203
41.38101265822785
43.97060369324508
32.75840867992767
36.51871921182266
48.42322308233638
41.42828993666432
43.43560872624912
48.11907107670655
55.10492610837439
69.23166783954962
123.02513162720163
135.6335679099226
158.46170664380367
191.86432490936136
194.33734177215192
207.5866661024951
252.57153893806182
254.92983903295058
218.54438575080843
248.04240506329114
236.1020635316545
262.2053046971735
217.3451384744208
219.6437539610677
233.44222279489745
217.5892329345531
210.7214911141727
221.4953275316926
222.79969001199314
231.40375365493455
208.22528572319368
194.76687526167166
183.70951727701123
186.87025316455694
182.9829113924051
200.04683544303793
166.69246118351316
192.61234688703664
182.33260716795502
188.0442726633872
156.55583489161992
173.76068072082245
150.17616741809914
175.26036542515814
151.28468025298667
147.16630758693137
148.08759885070765
123.41735769501052
138.74162493217221
119.82531645569621
121.45981230527143
129.1439698815202
133.76874849889253
133.36902781607762
127.70970627218304
134.77326046796077
113.42431460591176
131.22518836119093
167.5693391568891
163.73498644338125
158.6030415590168
195.1692847124825
189.30194097799307
199.69649614576034
182.78777582409376
196.74876043170627
214.05800210526107
208.40707569606798
194.31954552191579
163.29894810659187
195.35877286484094
166.89909337860783
163.2623729238946
144.69476179227874
124.92209640510814
94.29368863955119
100.72819074333802
73.56661991584852
83.09319775596073
