76.47861150070126
63.260751457887366
61.563132022471905
65.55168539325842
60.56959269662921
43.72801966292135
38.75435393258427
47.88609550561798
49.35912921348314
44.353370786516855
42.822823033707856
46.21500173711181
39.27212078651686
28.338623595505624
43.96952247191011
31.85426978685798
36.25316455696203
45.88101265822785
30.47060369324508
39.75840867992767
43.01871921182266
45.42322308233638
36.42828993666432
34.93560872624912
53.61907107670655
49.60492610837439
81.73166783954962
115.02513162720163
150.6335679099226
151.46170664380367
178.36432490936136
223.33734177215192
212.5866661024951
233.57153893806182
242.92983903295058
239.04438575080843
213.54240506329114
231.1020635316545
230.70530469717352
250.3451384744208
221.1437539610677
210.94222279489745
213.5892329345531
209.2214911141727
213.9953275316926
209.29969001199314
212.90375365493455
224.22528572319368
188.76687526167166
174.20951727701123
214.87025316455694
194.4829113924051
202.54683544303793
174.19246118351316
172.11234688703664
181.33260716795502
175.0442726633872
168.05583489161992
166.76068072082245
168.17616741809914
156.26036542515814
160.78468025298667
133.16630758693097
124.08759885070765
145.91735769501054
140.24162493217221
133.32531645569622
111.45981230527143
117.14396988152022
111.26874849889253
123.36902781607763
126.70970627218304
131.27326046796077
115.42431460591176
135.22518836119093
170.5693391568891
156.73498644338125
179.6030415590168
171.6692847124825
196.30194097799307
168.69649614576034
179.28777582409376
183.24876043170627
219.05800210526107
209.90707569606798
175.81954552191579
185.79894810659187
177.35877286484094
152.39909337860783
153.7623729238946
115.19476179227874
131.42209640510814
100.79368863955119
104.72819074333802
79.06661991584852
78.09319775596073
