72.47861150070126
71.26075145788737
66.0631320224719
48.051685393258424
57.06959269662921
53.22801966292135
43.75435393258427
41.38609550561798
35.35912921348314
51.853370786516855
47.322823033707856
42.71500173711181
31.272120786516858
40.338623595505624
42.46952247191011
39.854269786857984
40.75316455696203
29.881012658227853
42.97060369324508
39.75840867992767
34.51871921182266
33.92322308233638
40.92828993666432
34.93560872624912
52.11907107670655
46.10492610837439
67.23166783954962
142.02513162720163
156.1335679099226
179.46170664380367
193.36432490936136
213.33734177215192
253.0866661024951
224.07153893806182
252.92983903295058
228.54438575080843
220.54240506329114
243.6020635316545
220.20530469717352
212.3451384744208
233.1437539610677
243.44222279489745
234.0892329345531
209.2214911141727
211.9953275316926
233.29969001199314
198.40375365493455
213.72528572319368
217.76687526167166
208.20951727701123
201.87025316455694
198.4829113924051
178.54683544303793
164.69246118351316
198.61234688703664
185.33260716795502
169.0442726633872
172.55583489161992
168.26068072082245
169.67616741809914
157.76036542515814
173.28468025298667
141.1663075869312
137.08759885070765
146.41735769501054
118.2416249321722
131.82531645569622
123.45981230527143
109.64396988152022
117.76874849889253
139.86902781607762
136.70970627218304
145.77326046796077
114.42431460591176
136.72518836119093
145.0693391568891
158.73498644338125
191.1030415590168
181.1692847124825
176.80194097799307
178.19649614576034
181.78777582409376
195.24876043170627
226.05800210526107
208.90707569606798
195.31954552191579
169.29894810659187
174.35877286484094
160.89909337860783
163.2623729238946
144.19476179227874
121.42209640510814
109.29368863955119
91.22819074333802
83.06661991584852
67.59319775596073
