64.47861150070126
71.26075145788737
60.063132022471905
62.551685393258424
54.06959269662921
53.22801966292135
57.25435393258427
46.88609550561798
49.85912921348314
43.353370786516855
43.822823033707856
43.71500173711181
43.27212078651686
36.838623595505624
35.46952247191011
43.354269786857984
30.753164556962027
41.38101265822785
38.47060369324508
33.25840867992767
40.01871921182266
47.42322308233638
48.92828993666432
39.93560872624912
46.61907107670655
58.60492610837439
63.731667839549615
114.02513162720163
145.1335679099226
176.46170664380367
198.36432490936136
211.33734177215192
234.5866661024951
242.57153893806182
247.42983903295058
224.04438575080843
242.54240506329114
217.1020635316545
226.20530469717352
213.8451384744208
231.6437539610677
238.44222279489745
218.5892329345531
211.2214911141727
194.9953275316926
228.79969001199314
194.40375365493455
205.22528572319368
188.26687526167166
194.70951727701123
211.37025316455694
181.9829113924051
181.54683544303793
169.19246118351316
188.61234688703664
171.83260716795502
163.5442726633872
171.55583489161992
162.76068072082245
174.17616741809914
149.26036542515814
144.28468025298667
156.66630758693162
124.58759885070765
137.41735769501054
145.24162493217221
110.32531645569621
121.95981230527143
140.1439698815202
134.26874849889253
123.36902781607763
143.20970627218304
142.27326046796077
129.92431460591177
121.72518836119094
167.5693391568891
182.73498644338125
197.6030415590168
171.1692847124825
188.30194097799307
191.69649614576034
220.28777582409376
190.74876043170627
236.55800210526107
201.40707569606798
203.31954552191579
163.29894810659187
178.85877286484094
183.39909337860783
133.2623729238946
120.69476179227874
120.92209640510814
109.29368863955119
102.22819074333802
81.56661991584852
71.09319775596073
