69.97861150070126
56.760751457887366
63.563132022471905
51.051685393258424
50.06959269662921
56.72801966292135
39.75435393258427
46.38609550561798
52.35912921348314
49.853370786516855
33.322823033707856
49.21500173711181
29.772120786516858
36.338623595505624
43.46952247191011
41.854269786857984
29.753164556962027
43.88101265822785
37.47060369324508
41.25840867992767
40.51871921182266
46.42322308233638
39.42828993666432
35.43560872624912
54.11907107670655
43.10492610837439
78.23166783954962
129.02513162720163
152.6335679099226
151.46170664380367
183.36432490936136
190.33734177215192
202.5866661024951
252.57153893806182
215.42983903295058
219.04438575080843
231.54240506329114
206.6020635316545
234.20530469717352
230.3451384744208
228.1437539610677
223.94222279489745
193.5892329345531
224.2214911141727
193.4953275316926
217.29969001199314
191.90375365493455
230.72528572319368
182.26687526167166
204.20951727701123
186.37025316455694
198.4829113924051
197.54683544303793
172.19246118351316
168.11234688703664
177.83260716795502
188.5442726633872
179.55583489161992
179.26068072082245
162.17616741809914
182.76036542515814
173.78468025298667
155.66630758693162
152.08759885070765
135.41735769501054
141.74162493217221
120.32531645569621
116.95981230527143
119.14396988152022
111.26874849889253
139.36902781607762
133.70970627218304
115.27326046796075
113.42431460591176
125.22518836119094
138.5693391568891
175.73498644338125
161.1030415590168
177.6692847124825
184.30194097799307
202.69649614576034
187.28777582409376
220.24876043170627
237.05800210526107
227.40707569606798
202.31954552191579
204.29894810659187
157.85877286484094
187.39909337860783
149.7623729238946
114.19476179227874
102.42209640510814
91.79368863955119
99.72819074333802
89.56661991584852
80.59319775596073
