79.97861150070126
74.76075145788737
54.063132022471905
63.051685393258424
48.06959269662921
44.22801966292135
42.25435393258427
54.38609550561798
37.85912921348314
50.853370786516855
49.822823033707856
44.71500173711181
32.27212078651686
37.838623595505624
41.46952247191011
40.854269786857984
41.75316455696203
44.88101265822785
40.97060369324508
38.25840867992767
33.01871921182266
37.42322308233638
45.92828993666432
51.93560872624912
40.61907107670655
50.60492610837439
62.231667839549615
135.52513162720163
172.6335679099226
148.46170664380367
169.36432490936136
199.83734177215192
207.5866661024951
207.57153893806182
256.42983903295055
222.54438575080843
209.04240506329114
234.1020635316545
259.7053046971735
234.3451384744208
208.1437539610677
235.94222279489745
214.0892329345531
221.2214911141727
185.4953275316926
227.29969001199314
215.90375365493455
200.72528572319368
214.26687526167166
184.20951727701123
171.87025316455694
171.4829113924051
202.54683544303793
178.69246118351316
180.61234688703664
198.33260716795502
200.5442726633872
190.05583489161992
174.26068072082245
179.67616741809914
144.76036542515814
160.28468025298667
155.66630758693162
138.58759885070765
140.41735769501054
132.24162493217221
127.82531645569621
119.45981230527143
120.14396988152022
110.76874849889253
132.36902781607762
135.20970627218304
126.77326046796075
126.42431460591176
132.22518836119093
144.0693391568891
174.73498644338125
186.6030415590168
183.1692847124825
161.30194097799307
190.19649614576034
200.28777582409376
224.24876043170627
213.05800210526107
223.40707569606798
165.81954552191579
187.29894810659187
156.85877286484094
151.39909337860783
152.2623729238946
122.19476179227874
133.92209640510814
113.29368863955119
89.72819074333802
85.56661991584852
82.09319775596073
