75.97861150070126
63.760751457887366
68.0631320224719
50.551685393258424
61.56959269662921
42.72801966292135
45.75435393258427
45.38609550561798
46.35912921348314
48.353370786516855
32.822823033707856
48.71500173711181
41.27212078651686
39.838623595505624
30.96952247191011
37.854269786857984
44.75316455696203
38.88101265822785
44.97060369324508
38.25840867992767
40.51871921182266
46.42322308233638
36.42828993666432
42.93560872624912
41.61907107670655
53.10492610837439
71.23166783954962
141.02513162720163
149.1335679099226
167.96170664380367
182.36432490936136
191.83734177215192
252.5866661024951
251.07153893806182
213.42983903295058
209.04438575080843
252.54240506329114
218.1020635316545
254.70530469717352
210.3451384744208
204.1437539610677
196.44222279489745
193.0892329345531
210.2214911141727
199.9953275316926
214.29969001199314
224.90375365493455
235.22528572319368
181.76687526167166
211.20951727701123
204.37025316455694
187.4829113924051
204.04683544303793
190.69246118351316
197.11234688703664
177.33260716795502
203.5442726633872
179.55583489161992
151.26068072082245
160.17616741809914
169.26036542515814
145.78468025298667
133.16630758693097
124.58759885070765
147.41735769501054
144.74162493217221
113.32531645569621
137.45981230527144
111.14396988152022
120.26874849889253
131.86902781607762
122.20970627218304
119.27326046796075
115.42431460591176
151.72518836119093
153.5693391568891
151.73498644338125
185.1030415590168
192.6692847124825
171.80194097799307
170.69649614576034
210.28777582409376
207.24876043170627
228.05800210526107
221.40707569606798
187.31954552191579
204.79894810659187
173.35877286484094
152.89909337860783
129.7623729238946
125.69476179227874
103.92209640510814
100.29368863955119
104.72819074333802
94.06661991584852
77.59319775596073
