74.97861150070126
61.260751457887366
55.563132022471905
55.551685393258424
57.56959269662921
55.22801966292135
51.75435393258427
48.88609550561798
43.85912921348314
42.853370786516855
45.822823033707856
47.71500173711181
41.77212078651686
36.838623595505624
28.46952247191011
42.854269786857984
34.25316455696203
44.88101265822785
39.47060369324508
34.25840867992767
49.01871921182266
45.42322308233638
50.42828993666432
35.93560872624912
50.61907107670655
45.60492610837439
79.23166783954962
122.02513162720163
141.1335679099226
165.46170664380367
177.36432490936136
224.83734177215192
242.5866661024951
211.57153893806182
236.92983903295058
218.04438575080843
236.54240506329114
240.1020635316545
237.20530469717352
220.8451384744208
227.1437539610677
205.94222279489745
190.0892329345531
208.2214911141727
211.4953275316926
198.79969001199314
199.40375365493455
229.72528572319368
218.26687526167166
182.70951727701123
209.37025316455694
172.4829113924051
164.04683544303793
204.69246118351316
179.61234688703664
192.33260716795502
202.5442726633872
159.05583489161992
177.26068072082245
177.17616741809914
163.26036542515814
168.78468025298667
141.66630758693123
128.58759885070765
153.91735769501054
128.24162493217221
128.82531645569622
118.45981230527143
111.14396988152022
125.76874849889253
125.86902781607763
110.20970627218304
139.77326046796077
145.92431460591177
143.22518836119093
153.5693391568891
167.73498644338125
175.1030415590168
185.1692847124825
189.30194097799307
206.69649614576034
176.28777582409376
201.24876043170627
195.55800210526107
183.90707569606798
167.81954552191579
165.79894810659187
154.35877286484094
150.89909337860783
156.2623729238946
140.69476179227874
118.42209640510814
115.29368863955119
87.22819074333802
78.06661991584852
78.59319775596073
