71.47861150070126
67.76075145788737
57.063132022471905
50.551685393258424
47.56959269662921
49.22801966292135
48.75435393258427
54.88609550561798
50.85912921348314
39.353370786516855
34.822823033707856
39.71500173711181
45.27212078651686
42.338623595505624
33.46952247191011
41.354269786857984
34.25316455696203
35.38101265822785
42.47060369324508
44.25840867992767
40.51871921182266
35.92322308233638
41.92828993666432
46.93560872624912
45.61907107670655
43.60492610837439
73.73166783954962
141.02513162720163
162.1335679099226
175.96170664380367
203.36432490936136
214.33734177215192
228.5866661024951
257.57153893806185
210.42983903295058
245.04438575080843
247.54240506329114
220.6020635316545
208.20530469717352
224.3451384744208
198.6437539610677
233.94222279489745
190.0892329345531
195.7214911141727
230.9953275316926
233.29969001199314
200.90375365493455
225.72528572319368
186.26687526167166
207.70951727701123
169.37025316455694
204.4829113924051
179.04683544303793
163.19246118351316
172.11234688703664
201.33260716795502
172.5442726633872
164.55583489161992
161.26068072082245
180.67616741809914
151.26036542515814
167.78468025298667
151.6663075869315
144.08759885070765
134.41735769501054
140.74162493217221
114.32531645569621
110.45981230527143
126.64396988152022
110.76874849889253
124.36902781607763
114.20970627218304
139.27326046796077
145.42431460591177
155.22518836119093
167.5693391568891
172.23498644338125
170.1030415590168
192.6692847124825
179.30194097799307
201.69649614576034
205.78777582409376
207.74876043170627
235.05800210526107
218.90707569606798
204.31954552191579
201.29894810659187
166.35877286484094
169.89909337860783
137.7623729238946
134.69476179227874
132.42209640510814
117.79368863955119
97.72819074333802
88.06661991584852
70.59319775596073
