81.97861150070126
58.260751457887366
68.0631320224719
48.051685393258424
60.56959269662921
42.22801966292135
55.75435393258427
43.38609550561798
39.35912921348314
43.853370786516855
35.322823033707856
47.21500173711181
36.77212078651686
40.338623595505624
42.96952247191011
30.85426978685798
43.25316455696203
40.38101265822785
41.97060369324508
36.75840867992767
35.51871921182266
49.42322308233638
39.92828993666432
38.93560872624912
44.61907107670655
43.10492610837439
80.23166783954962
114.52513162720163
163.6335679099226
181.46170664380367
201.36432490936136
214.33734177215192
223.0866661024951
222.07153893806182
217.42983903295058
248.54438575080843
241.54240506329114
230.6020635316545
243.20530469717352
207.3451384744208
212.6437539610677
196.94222279489745
237.0892329345531
223.2214911141727
222.4953275316926
191.29969001199314
217.40375365493455
225.72528572319368
179.76687526167166
191.70951727701123
184.87025316455694
166.9829113924051
177.54683544303793
194.19246118351316
188.11234688703664
204.83260716795502
175.5442726633872
163.05583489161992
165.76068072082245
147.67616741809914
182.76036542515814
150.28468025298667
162.1663075869318
125.08759885070765
124.41735769501052
115.7416249321722
119.82531645569621
131.95981230527144
110.14396988152022
137.76874849889253
129.86902781607762
118.70970627218304
115.77326046796075
140.42431460591177
137.72518836119093
160.5693391568891
181.23498644338125
167.1030415590168
175.6692847124825
162.30194097799307
193.19649614576034
180.78777582409376
209.74876043170627
218.55800210526107
202.90707569606798
176.31954552191579
198.29894810659187
196.35877286484094
152.39909337860783
164.7623729238946
119.69476179227874
118.92209640510814
95.79368863955119
82.72819074333802
83.56661991584852
72.59319775596073
