65.47861150070126
56.260751457887366
58.063132022471905
65.55168539325842
57.06959269662921
44.22801966292135
42.25435393258427
37.38609550561798
45.35912921348314
48.353370786516855
41.322823033707856
36.21500173711181
40.77212078651686
36.338623595505624
32.46952247191011
31.35426978685798
38.75316455696203
40.88101265822785
38.97060369324508
39.75840867992767
37.01871921182266
35.92322308233638
37.42828993666432
41.93560872624912
50.61907107670655
46.60492610837439
73.73166783954962
119.02513162720163
168.6335679099226
165.96170664380367
167.36432490936136
225.83734177215192
204.5866661024951
245.07153893806182
214.42983903295058
255.04438575080843
225.04240506329114
204.6020635316545
233.20530469717352
204.8451384744208
249.6437539610677
240.44222279489745
196.0892329345531
225.2214911141727
203.4953275316926
207.79969001199314
232.90375365493455
202.22528572319368
217.26687526167166
174.70951727701123
213.37025316455694
184.9829113924051
206.04683544303793
197.69246118351316
203.11234688703664
192.83260716795502
203.5442726633872
155.55583489161992
187.76068072082245
172.67616741809914
156.26036542515814
160.28468025298667
132.16630758693094
148.58759885070765
153.41735769501054
116.7416249321722
118.82531645569621
130.95981230527144
131.6439698815202
135.76874849889253
115.86902781607763
127.70970627218304
119.27326046796075
126.92431460591176
131.22518836119093
139.0693391568891
170.23498644338125
182.1030415590168
187.1692847124825
161.30194097799307
209.69649614576034
212.78777582409376
222.24876043170627
205.55800210526107
215.40707569606798
166.31954552191579
188.79894810659187
160.35877286484094
152.39909337860783
133.2623729238946
120.69476179227874
120.42209640510814
109.79368863955119
102.72819074333802
96.56661991584852
76.09319775596073
