65.97861150070126
69.76075145788737
68.5631320224719
49.051685393258424
59.56959269662921
56.72801966292135
43.75435393258427
46.88609550561798
49.85912921348314
51.353370786516855
33.322823033707856
42.21500173711181
37.27212078651686
40.338623595505624
35.96952247191011
31.85426978685798
32.75316455696203
43.88101265822785
31.97060369324508
40.75840867992767
40.01871921182266
36.92322308233638
46.42828993666432
39.43560872624912
44.11907107670655
51.10492610837439
72.23166783954962
112.52513162720163
150.1335679099226
173.96170664380367
169.86432490936136
225.83734177215192
229.5866661024951
232.07153893806182
248.42983903295058
204.54438575080843
218.54240506329114
214.6020635316545
240.20530469717352
215.8451384744208
246.1437539610677
231.94222279489745
209.5892329345531
195.7214911141727
209.9953275316926
234.79969001199314
228.40375365493455
212.72528572319368
194.26687526167166
199.20951727701123
182.37025316455694
191.9829113924051
196.04683544303793
162.19246118351316
190.61234688703664
180.83260716795502
165.5442726633872
181.05583489161992
160.76068072082245
172.67616741809914
170.26036542515814
155.78468025298667
127.66630758693081
131.58759885070765
127.91735769501052
122.7416249321722
117.32531645569621
123.95981230527143
121.14396988152022
134.26874849889253
109.36902781607763
137.70970627218304
125.77326046796075
128.92431460591177
156.72518836119093
140.5693391568891
162.23498644338125
194.1030415590168
176.6692847124825
194.30194097799307
205.19649614576034
188.28777582409376
188.24876043170627
233.05800210526107
209.90707569606798
186.31954552191579
170.29894810659187
182.35877286484094
171.39909337860783
158.2623729238946
141.19476179227874
127.92209640510814
106.29368863955119
95.22819074333802
94.56661991584852
90.09319775596073
