72.97861150070126
73.76075145788737
71.0631320224719
57.551685393258424
52.06959269662921
58.72801966292135
49.25435393258427
37.88609550561798
45.85912921348314
49.853370786516855
40.322823033707856
40.21500173711181
41.27212078651686
39.338623595505624
43.46952247191011
34.854269786857984
39.25316455696203
34.38101265822785
42.97060369324508
40.75840867992767
47.51871921182266
50.92322308233638
44.92828993666432
35.93560872624912
41.61907107670655
47.60492610837439
79.73166783954962
138.52513162720163
165.1335679099226
178.96170664380367
165.36432490936136
225.33734177215192
221.5866661024951
232.57153893806182
209.42983903295058
255.04438575080843
252.04240506329114
256.1020635316545
235.20530469717352
230.8451384744208
215.1437539610677
198.44222279489745
210.5892329345531
188.2214911141727
232.9953275316926
199.29969001199314
234.40375365493455
232.22528572319368
215.76687526167166
183.70951727701123
180.37025316455694
196.9829113924051
198.04683544303793
165.69246118351316
207.11234688703664
169.33260716795502
174.5442726633872
163.05583489161992
160.76068072082245
185.17616741809914
166.76036542515814
140.78468025298667
128.16630758693083
139.08759885070765
151.41735769501054
113.2416249321722
126.82531645569621
124.95981230527143
126.14396988152022
122.76874849889253
129.86902781607762
109.70970627218304
126.77326046796075
135.92431460591177
144.22518836119093
135.0693391568891
169.73498644338125
175.1030415590168
205.6692847124825
179.30194097799307
196.69649614576034
183.28777582409376
222.24876043170627
226.55800210526107
186.90707569606798
185.81954552191579
197.79894810659187
164.35877286484094
178.89909337860783
167.2623729238946
117.69476179227874
121.92209640510814
92.29368863955119
92.72819074333802
84.56661991584852
80.09319775596073
