65.97861150070126
66.76075145788737
70.5631320224719
59.051685393258424
56.06959269662921
46.22801966292135
46.25435393258427
50.38609550561798
49.35912921348314
39.353370786516855
40.822823033707856
48.21500173711181
44.77212078651686
31.838623595505624
28.96952247191011
42.854269786857984
41.75316455696203
43.88101265822785
42.97060369324508
32.25840867992767
35.01871921182266
44.42322308233638
47.92828993666432
48.43560872624912
42.61907107670655
54.10492610837439
67.73166783954962
129.52513162720163
141.1335679099226
187.46170664380367
204.36432490936136
210.83734177215192
206.5866661024951
234.57153893806182
251.42983903295058
238.04438575080843
258.54240506329114
238.6020635316545
233.20530469717352
238.3451384744208
244.6437539610677
237.44222279489745
189.5892329345531
208.7214911141727
208.4953275316926
212.79969001199314
211.40375365493455
216.72528572319368
185.26687526167166
181.70951727701123
210.37025316455694
194.9829113924051
168.54683544303793
176.69246118351316
209.11234688703664
177.33260716795502
207.0442726633872
181.05583489161992
166.76068072082245
147.67616741809914
146.76036542515814
153.28468025298667
132.16630758693094
129.08759885070765
138.91735769501054
134.24162493217221
136.82531645569622
135.95981230527144
121.14396988152022
111.76874849889253
138.86902781607762
124.20970627218304
146.27326046796077
124.92431460591176
137.72518836119093
145.5693391568891
156.73498644338125
160.1030415590168
199.6692847124825
185.30194097799307
186.19649614576034
218.78777582409376
217.24876043170627
203.05800210526107
225.40707569606798
166.31954552191579
175.79894810659187
189.35877286484094
158.89909337860783
167.7623729238946
148.19476179227874
101.42209640510814
117.79368863955119
101.22819074333802
95.06661991584852
82.09319775596073
