71.47861150070126
61.760751457887366
63.563132022471905
58.551685393258424
47.56959269662921
52.22801966292135
46.75435393258427
50.38609550561798
36.35912921348314
37.353370786516855
37.322823033707856
47.71500173711181
34.27212078651686
30.838623595505624
35.96952247191011
33.354269786857984
44.75316455696203
44.38101265822785
42.97060369324508
47.25840867992767
35.01871921182266
38.92322308233638
38.42828993666432
41.93560872624912
44.61907107670655
51.60492610837439
71.73166783954962
118.52513162720163
156.6335679099226
175.46170664380367
176.86432490936136
223.33734177215192
252.0866661024951
214.57153893806182
217.42983903295058
234.04438575080843
247.04240506329114
225.6020635316545
220.70530469717352
207.3451384744208
211.6437539610677
217.44222279489745
208.0892329345531
225.7214911141727
201.9953275316926
187.79969001199314
209.40375365493455
233.22528572319368
218.26687526167166
198.70951727701123
180.87025316455694
181.4829113924051
205.04683544303793
166.69246118351316
198.61234688703664
171.83260716795502
206.5442726633872
164.55583489161992
182.26068072082245
173.67616741809914
144.26036542515814
150.78468025298667
133.16630758693097
131.08759885070765
118.91735769501052
114.2416249321722
141.82531645569622
116.95981230527143
135.6439698815202
132.76874849889253
126.36902781607763
114.70970627218304
115.27326046796075
122.92431460591176
132.72518836119093
171.0693391568891
177.73498644338125
163.6030415590168
164.1692847124825
184.80194097799307
182.19649614576034
217.28777582409376
197.74876043170627
194.05800210526107
196.90707569606798
188.81954552191579
194.79894810659187
164.85877286484094
165.89909337860783
138.2623729238946
132.69476179227874
101.92209640510814
110.29368863955119
93.22819074333802
74.56661991584852
78.09319775596073
