76.47861150070126
69.26075145788737
64.5631320224719
50.051685393258424
56.06959269662921
60.72801966292135
42.75435393258427
39.88609550561798
40.85912921348314
37.353370786516855
45.322823033707856
33.21500173711181
31.272120786516858
28.838623595505624
36.96952247191011
42.854269786857984
38.25316455696203
38.88101265822785
33.47060369324508
48.25840867992767
34.01871921182266
49.92322308233638
43.92828993666432
34.93560872624912
43.61907107670655
43.10492610837439
72.73166783954962
128.02513162720163
142.6335679099226
170.46170664380367
168.36432490936136
188.33734177215192
234.5866661024951
209.07153893806182
253.42983903295058
244.04438575080843
251.04240506329114
244.6020635316545
255.70530469717352
242.3451384744208
236.6437539610677
217.44222279489745
239.5892329345531
212.7214911141727
183.9953275316926
196.29969001199314
212.40375365493455
201.72528572319368
222.26687526167166
179.70951727701123
170.37025316455694
196.4829113924051
206.54683544303793
187.19246118351316
169.11234688703664
166.83260716795502
202.5442726633872
179.05583489161992
170.26068072082245
168.67616741809914
175.26036542515814
159.78468025298667
135.16630758693103
132.58759885070765
150.91735769501054
112.7416249321722
120.32531645569621
115.45981230527143
122.14396988152022
127.26874849889253
126.86902781607763
122.20970627218304
119.27326046796075
126.92431460591176
131.72518836119093
152.5693391568891
180.73498644338125
166.1030415590168
167.1692847124825
163.80194097799307
211.19649614576034
204.78777582409376
207.74876043170627
206.05800210526107
212.40707569606798
194.31954552191579
185.29894810659187
178.85877286484094
174.39909337860783
129.7623729238946
145.19476179227874
111.42209640510814
108.79368863955119
101.22819074333802
95.56661991584852
82.09319775596073
