75.47861150070126
56.260751457887366
59.063132022471905
60.551685393258424
46.56959269662921
49.72801966292135
47.25435393258427
41.88609550561798
35.85912921348314
44.853370786516855
33.822823033707856
32.71500173711181
34.27212078651686
32.338623595505624
30.46952247191011
29.85426978685798
36.75316455696203
29.381012658227853
46.97060369324508
48.75840867992767
41.01871921182266
43.42322308233638
43.92828993666432
48.43560872624912
53.11907107670655
44.10492610837439
62.731667839549615
134.02513162720163
140.1335679099226
158.96170664380367
194.86432490936136
198.33734177215192
223.0866661024951
241.07153893806182
204.92983903295058
212.04438575080843
242.04240506329114
251.1020635316545
246.20530469717352
234.8451384744208
223.6437539610677
234.94222279489745
192.0892329345531
222.2214911141727
194.9953275316926
206.79969001199314
232.90375365493455
203.72528572319368
202.76687526167166
197.20951727701123
173.87025316455694
195.4829113924051
177.54683544303793
178.19246118351316
202.11234688703664
209.33260716795502
181.0442726633872
195.05583489161992
155.76068072082245
167.67616741809914
148.76036542515814
162.78468025298667
164.66630758693185
121.58759885070765
147.41735769501054
136.24162493217221
109.82531645569621
117.95981230527143
139.1439698815202
134.26874849889253
134.86902781607762
120.20970627218304
134.27326046796077
128.92431460591177
126.72518836119094
152.5693391568891
161.23498644338125
174.6030415590168
204.1692847124825
173.80194097799307
172.69649614576034
179.28777582409376
198.74876043170627
235.05800210526107
213.40707569606798
180.81954552191579
189.29894810659187
187.85877286484094
146.39909337860783
160.2623729238946
125.19476179227874
108.42209640510814
111.79368863955119
90.22819074333802
75.06661991584852
74.59319775596073
