82.97861150070126
62.760751457887366
54.063132022471905
50.551685393258424
53.56959269662921
51.72801966292135
50.25435393258427
43.88609550561798
50.35912921348314
53.353370786516855
33.822823033707856
33.21500173711181
37.77212078651686
41.338623595505624
33.96952247191011
44.354269786857984
41.25316455696203
44.88101265822785
36.97060369324508
32.25840867992767
46.51871921182266
49.92322308233638
33.92828993666432
38.93560872624912
48.61907107670655
46.60492610837439
81.73166783954962
133.02513162720163
162.6335679099226
185.96170664380367
183.36432490936136
206.33734177215192
231.5866661024951
263.07153893806185
210.92983903295058
237.54438575080843
214.54240506329114
211.6020635316545
209.20530469717352
210.3451384744208
222.6437539610677
222.44222279489745
196.0892329345531
220.7214911141727
207.9953275316926
220.79969001199314
227.40375365493455
189.72528572319368
217.76687526167166
201.70951727701123
174.87025316455694
211.4829113924051
204.54683544303793
175.19246118351316
206.61234688703664
169.33260716795502
171.0442726633872
162.55583489161992
160.26068072082245
156.67616741809914
171.26036542515814
166.78468025298667
141.1663075869312
148.08759885070765
127.91735769501052
137.24162493217221
117.82531645569621
127.45981230527143
116.14396988152022
118.26874849889253
109.36902781607763
121.70970627218304
139.27326046796077
134.42431460591177
156.22518836119093
146.5693391568891
177.73498644338125
183.6030415590168
194.6692847124825
198.30194097799307
169.69649614576034
194.78777582409376
205.74876043170627
228.55800210526107
222.90707569606798
204.81954552191579
162.79894810659187
196.85877286484094
184.89909337860783
144.2623729238946
138.69476179227874
110.42209640510814
101.29368863955119
84.22819074333802
84.56661991584852
78.59319775596073
