81.97861150070126
66.76075145788737
56.063132022471905
53.551685393258424
47.06959269662921
56.72801966292135
38.75435393258427
47.88609550561798
39.85912921348314
36.853370786516855
39.322823033707856
48.21500173711181
30.772120786516858
34.338623595505624
37.46952247191011
36.854269786857984
43.25316455696203
44.88101265822785
38.47060369324508
41.25840867992767
32.01871921182266
48.42322308233638
38.42828993666432
50.43560872624912
37.61907107670655
56.60492610837439
75.73166783954962
110.52513162720163
160.6335679099226
157.96170664380367
178.86432490936136
218.83734177215192
239.5866661024951
260.07153893806185
210.42983903295058
246.54438575080843
239.54240506329114
215.6020635316545
260.2053046971735
229.3451384744208
228.1437539610677
237.44222279489745
225.5892329345531
222.2214911141727
200.9953275316926
235.79969001199314
228.90375365493455
192.72528572319368
225.76687526167166
213.70951727701123
170.37025316455694
193.4829113924051
174.54683544303793
193.69246118351316
205.61234688703664
180.83260716795502
196.0442726633872
170.05583489161992
165.76068072082245
182.17616741809914
172.26036542515814
141.78468025298667
153.16630758693154
136.08759885070765
130.91735769501054
112.7416249321722
128.32531645569622
138.95981230527144
136.1439698815202
125.26874849889253
119.36902781607763
134.70970627218304
128.77326046796077
128.92431460591177
152.22518836119093
141.5693391568891
171.73498644338125
195.1030415590168
182.6692847124825
188.30194097799307
194.69649614576034
179.28777582409376
225.74876043170627
231.55800210526107
189.40707569606798
176.31954552191579
198.79894810659187
156.85877286484094
168.89909337860783
141.7623729238946
147.19476179227874
105.42209640510814
120.79368863955119
93.72819074333802
73.06661991584852
87.09319775596073
