70.47861150070126
65.76075145788737
59.563132022471905
51.051685393258424
52.56959269662921
49.22801966292135
45.25435393258427
38.88609550561798
35.85912921348314
43.353370786516855
35.322823033707856
32.21500173711181
42.77212078651686
28.838623595505624
37.46952247191011
37.354269786857984
34.75316455696203
32.38101265822785
36.97060369324508
34.75840867992767
46.51871921182266
51.42322308233638
42.92828993666432
40.43560872624912
40.11907107670655
56.60492610837439
80.73166783954962
142.52513162720163
158.1335679099226
185.46170664380367
179.86432490936136
198.83734177215192
207.5866661024951
263.57153893806185
231.42983903295058
233.54438575080843
248.04240506329114
246.6020635316545
258.7053046971735
251.3451384744208
228.6437539610677
212.94222279489745
223.5892329345531
231.2214911141727
225.9953275316926
220.29969001199314
205.40375365493455
212.22528572319368
226.76687526167166
181.70951727701123
183.37025316455694
174.4829113924051
176.04683544303793
166.69246118351316
181.61234688703664
195.33260716795502
193.5442726633872
165.05583489161992
183.76068072082245
152.17616741809914
161.76036542515814
155.78468025298667
132.66630758693094
125.08759885070765
150.41735769501054
113.2416249321722
129.32531645569622
128.95981230527144
123.14396988152022
136.76874849889253
129.86902781607762
129.20970627218304
148.77326046796077
127.92431460591176
121.22518836119094
167.5693391568891
185.23498644338125
184.6030415590168
165.1692847124825
191.30194097799307
184.19649614576034
197.78777582409376
190.74876043170627
211.55800210526107
180.40707569606798
209.81954552191579
203.29894810659187
182.85877286484094
166.39909337860783
136.7623729238946
143.19476179227874
109.42209640510814
115.29368863955119
107.72819074333802
74.56661991584852
88.59319775596073
