74.47861150070126
67.76075145788737
52.563132022471905
50.551685393258424
46.06959269662921
60.22801966292135
54.75435393258427
40.88609550561798
36.35912921348314
48.853370786516855
39.822823033707856
36.21500173711181
41.27212078651686
28.338623595505624
42.96952247191011
44.354269786857984
43.75316455696203
30.381012658227853
41.47060369324508
48.75840867992767
35.01871921182266
36.92322308233638
47.42828993666432
42.93560872624912
43.61907107670655
54.60492610837439
74.23166783954962
110.02513162720163
157.6335679099226
147.46170664380367
187.86432490936136
192.83734177215192
200.5866661024951
251.57153893806182
254.92983903295058
214.54438575080843
210.04240506329114
208.1020635316545
263.2053046971735
203.3451384744208
209.1437539610677
197.94222279489745
199.5892329345531
207.7214911141727
215.4953275316926
217.29969001199314
200.40375365493455
224.22528572319368
181.26687526167166
208.20951727701123
196.87025316455694
182.9829113924051
184.04683544303793
208.19246118351316
174.11234688703664
164.83260716795502
172.0442726633872
163.55583489161992
179.26068072082245
166.67616741809914
180.76036542515814
136.28468025298667
136.66630758693105
127.58759885070765
150.91735769501054
145.74162493217221
115.82531645569621
139.95981230527144
131.1439698815202
113.76874849889253
124.36902781607763
128.70970627218304
144.77326046796077
127.92431460591176
134.72518836119093
144.5693391568891
148.73498644338125
169.1030415590168
188.6692847124825
182.80194097799307
175.69649614576034
207.28777582409376
215.74876043170627
194.55800210526107
199.40707569606798
189.31954552191579
203.79894810659187
192.35877286484094
157.89909337860783
151.2623729238946
148.19476179227874
129.92209640510814
115.29368863955119
84.72819074333802
93.06661991584852
87.59319775596073
