63.47861150070126
74.26075145788737
66.0631320224719
47.551685393258424
45.56959269662921
46.72801966292135
51.25435393258427
48.38609550561798
45.35912921348314
52.353370786516855
43.822823033707856
44.71500173711181
32.77212078651686
39.338623595505624
29.96952247191011
43.354269786857984
31.753164556962027
33.38101265822785
44.97060369324508
34.25840867992767
48.01871921182266
43.92322308233638
48.92828993666432
44.43560872624912
42.61907107670655
51.60492610837439
83.23166783954962
115.52513162720163
173.1335679099226
173.96170664380367
174.86432490936136
212.83734177215192
235.5866661024951
239.57153893806182
215.42983903295058
254.04438575080843
227.04240506329114
226.1020635316545
255.70530469717352
217.3451384744208
235.6437539610677
204.44222279489745
231.0892329345531
193.2214911141727
209.4953275316926
233.79969001199314
220.40375365493455
222.72528572319368
227.76687526167166
186.20951727701123
180.37025316455694
207.4829113924051
202.04683544303793
174.69246118351316
168.61234688703664
181.33260716795502
195.5442726633872
190.55583489161992
165.26068072082245
166.17616741809914
152.26036542515814
162.78468025298667
152.1663075869315
155.08759885070765
130.41735769501054
141.74162493217221
129.82531645569622
110.45981230527143
115.14396988152022
121.76874849889253
134.86902781607762
112.20970627218304
122.77326046796075
121.42431460591176
136.22518836119093
141.5693391568891
155.73498644338125
171.6030415590168
171.1692847124825
162.30194097799307
190.19649614576034
191.78777582409376
199.24876043170627
235.05800210526107
195.40707569606798
194.31954552191579
204.79894810659187
191.85877286484094
161.39909337860783
150.7623729238946
116.69476179227874
114.42209640510814
91.79368863955119
99.72819074333802
93.56661991584852
70.09319775596073
