73.97861150070126
56.760751457887366
54.563132022471905
47.551685393258424
48.06959269662921
48.22801966292135
42.25435393258427
40.88609550561798
36.35912921348314
41.353370786516855
49.822823033707856
35.71500173711181
41.27212078651686
33.838623595505624
36.46952247191011
39.354269786857984
35.75316455696203
43.38101265822785
33.47060369324508
32.25840867992767
37.01871921182266
41.92322308233638
34.42828993666432
47.43560872624912
42.11907107670655
47.60492610837439
72.73166783954962
143.52513162720163
153.6335679099226
173.96170664380367
176.36432490936136
202.33734177215192
203.5866661024951
234.07153893806182
229.92983903295058
252.54438575080843
212.54240506329114
251.6020635316545
219.20530469717352
225.8451384744208
210.6437539610677
232.44222279489745
222.5892329345531
225.7214911141727
195.4953275316926
205.29969001199314
194.40375365493455
223.22528572319368
182.76687526167166
211.70951727701123
201.37025316455694
204.9829113924051
192.54683544303793
174.69246118351316
184.61234688703664
208.33260716795502
166.0442726633872
161.55583489161992
154.76068072082245
181.67616741809914
183.76036542515814
155.78468025298667
135.66630758693105
130.58759885070765
128.41735769501054
144.74162493217221
113.82531645569621
108.95981230527143
137.6439698815202
143.26874849889253
117.86902781607763
109.70970627218304
116.27326046796075
135.42431460591177
136.22518836119093
160.5693391568891
158.73498644338125
165.1030415590168
172.1692847124825
199.80194097799307
192.69649614576034
207.28777582409376
193.24876043170627
239.55800210526107
210.40707569606798
183.81954552191579
196.79894810659187
156.85877286484094
163.89909337860783
157.2623729238946
140.19476179227874
106.42209640510814
96.29368863955119
100.72819074333802
98.06661991584852
87.59319775596073
