82.47861150070126
67.26075145788737
53.563132022471905
50.551685393258424
62.06959269662921
49.22801966292135
47.25435393258427
50.38609550561798
44.35912921348314
36.353370786516855
49.822823033707856
43.71500173711181
45.27212078651686
34.338623595505624
29.96952247191011
34.854269786857984
37.75316455696203
32.38101265822785
45.97060369324508
44.25840867992767
37.51871921182266
49.92322308233638
45.42828993666432
42.93560872624912
38.11907107670655
55.60492610837439
66.23166783954962
143.02513162720163
155.6335679099226
178.46170664380367
199.36432490936136
204.33734177215192
227.5866661024951
237.07153893806182
232.42983903295058
255.54438575080843
221.04240506329114
223.6020635316545
218.20530469717352
224.8451384744208
221.1437539610677
238.44222279489745
209.0892329345531
212.2214911141727
190.4953275316926
186.79969001199314
189.40375365493455
197.22528572319368
203.76687526167166
218.20951727701123
197.87025316455694
198.9829113924051
163.54683544303793
204.69246118351316
184.61234688703664
196.33260716795502
198.0442726633872
156.05583489161992
164.76068072082245
170.17616741809914
155.76036542515814
138.78468025298667
154.16630758693157
127.08759885070765
146.41735769501054
115.7416249321722
136.82531645569622
113.95981230527143
132.1439698815202
142.26874849889253
119.36902781607763
136.70970627218304
149.27326046796077
138.92431460591177
156.22518836119093
140.5693391568891
179.23498644338125
161.6030415590168
176.1692847124825
185.80194097799307
176.19649614576034
190.28777582409376
181.24876043170627
238.05800210526107
180.40707569606798
210.31954552191579
191.29894810659187
185.85877286484094
178.89909337860783
130.7623729238946
123.19476179227874
119.42209640510814
113.29368863955119
86.72819074333802
80.56661991584852
74.09319775596073
