70.47861150070126
72.76075145788737
71.0631320224719
56.551685393258424
55.06959269662921
46.22801966292135
40.25435393258427
37.38609550561798
39.35912921348314
36.853370786516855
35.822823033707856
48.21500173711181
33.27212078651686
40.338623595505624
30.46952247191011
29.85426978685798
31.753164556962027
29.881012658227853
41.47060369324508
36.25840867992767
36.51871921182266
40.92322308233638
48.92828993666432
49.43560872624912
54.11907107670655
44.10492610837439
83.23166783954962
134.02513162720163
163.1335679099226
166.96170664380367
180.86432490936136
219.83734177215192
231.0866661024951
208.07153893806182
205.92983903295058
243.04438575080843
234.04240506329114
221.1020635316545
244.70530469717352
229.3451384744208
221.6437539610677
212.94222279489745
193.5892329345531
195.2214911141727
202.4953275316926
222.79969001199314
187.40375365493455
207.72528572319368
220.26687526167166
218.70951727701123
170.37025316455694
185.9829113924051
164.54683544303793
192.19246118351316
207.11234688703664
185.83260716795502
184.0442726633872
161.05583489161992
163.76068072082245
186.17616741809914
167.76036542515814
162.28468025298667
153.16630758693154
146.08759885070765
147.41735769501054
129.24162493217221
131.82531645569622
127.45981230527143
108.14396988152022
133.76874849889253
117.86902781607763
131.70970627218304
137.77326046796077
124.42431460591176
140.72518836119093
166.5693391568891
158.73498644338125
188.1030415590168
191.1692847124825
191.80194097799307
191.19649614576034
209.28777582409376
182.24876043170627
220.55800210526107
196.40707569606798
183.31954552191579
204.29894810659187
164.85877286484094
171.39909337860783
165.2623729238946
120.69476179227874
117.42209640510814
109.79368863955119
99.72819074333802
76.56661991584852
83.09319775596073
