76.97861150070126
67.26075145788737
65.5631320224719
51.051685393258424
49.56959269662921
45.72801966292135
38.75435393258427
37.88609550561798
46.35912921348314
51.353370786516855
40.322823033707856
37.71500173711181
43.77212078651686
28.838623595505624
42.96952247191011
36.354269786857984
43.25316455696203
37.38101265822785
42.47060369324508
36.75840867992767
42.01871921182266
35.92322308233638
41.42828993666432
35.43560872624912
40.61907107670655
59.10492610837439
81.23166783954962
137.52513162720163
166.6335679099226
152.46170664380367
162.36432490936136
183.83734177215192
226.0866661024951
230.07153893806182
214.42983903295058
212.04438575080843
248.04240506329114
236.1020635316545
232.70530469717352
212.3451384744208
232.1437539610677
217.44222279489745
230.5892329345531
198.7214911141727
213.9953275316926
235.29969001199314
202.90375365493455
188.22528572319368
200.26687526167166
176.70951727701123
192.37025316455694
173.9829113924051
185.54683544303793
171.19246118351316
205.61234688703664
209.33260716795502
166.5442726633872
197.05583489161992
151.76068072082245
148.67616741809914
151.26036542515814
159.28468025298667
161.16630758693177
139.58759885070765
127.91735769501052
122.7416249321722
127.32531645569621
115.95981230527143
116.14396988152022
128.76874849889253
137.86902781607762
118.70970627218304
131.27326046796077
116.42431460591176
124.22518836119094
145.0693391568891
168.23498644338125
185.1030415590168
201.6692847124825
164.30194097799307
166.19649614576034
206.78777582409376
191.74876043170627
221.55800210526107
219.90707569606798
198.31954552191579
205.29894810659187
171.35877286484094
172.89909337860783
156.7623729238946
130.19476179227874
129.42209640510814
106.79368863955119
91.72819074333802
95.56661991584852
67.09319775596073
