82.47861150070126
74.26075145788737
65.5631320224719
46.051685393258424
47.56959269662921
47.72801966292135
40.25435393258427
50.88609550561798
48.35912921348314
46.853370786516855
47.822823033707856
39.71500173711181
42.27212078651686
35.838623595505624
29.96952247191011
37.354269786857984
34.25316455696203
29.881012658227853
32.97060369324508
35.25840867992767
38.01871921182266
40.42322308233638
40.92828993666432
35.43560872624912
46.61907107670655
49.60492610837439
70.73166783954962
130.52513162720163
152.6335679099226
184.46170664380367
202.86432490936136
191.33734177215192
246.0866661024951
258.57153893806185
235.92983903295058
230.54438575080843
203.54240506329114
246.1020635316545
251.70530469717352
224.3451384744208
221.6437539610677
227.44222279489745
230.0892329345531
201.7214911141727
196.4953275316926
228.79969001199314
233.90375365493455
208.72528572319368
191.76687526167166
193.20951727701123
196.87025316455694
196.4829113924051
178.04683544303793
199.19246118351316
176.11234688703664
202.33260716795502
186.0442726633872
189.55583489161992
172.26068072082245
175.67616741809914
178.76036542515814
170.28468025298667
155.1663075869316
139.58759885070765
120.41735769501052
142.24162493217221
116.82531645569621
115.95981230527143
113.64396988152022
114.26874849889253
118.86902781607763
121.70970627218304
135.77326046796077
138.92431460591177
154.22518836119093
156.5693391568891
159.73498644338125
157.6030415590168
184.1692847124825
164.30194097799307
211.19649614576034
186.78777582409376
182.24876043170627
233.55800210526107
182.40707569606798
182.31954552191579
205.29894810659187
180.35877286484094
163.89909337860783
150.7623729238946
124.69476179227874
131.92209640510814
106.29368863955119
95.22819074333802
98.56661991584852
77.09319775596073
