77.47861150070126
64.76075145788737
57.563132022471905
53.551685393258424
54.06959269662921
59.72801966292135
45.75435393258427
42.88609550561798
51.35912921348314
50.353370786516855
40.822823033707856
36.21500173711181
30.772120786516858
35.338623595505624
33.46952247191011
41.854269786857984
46.25316455696203
36.38101265822785
38.47060369324508
41.75840867992767
32.01871921182266
40.42322308233638
35.42828993666432
40.43560872624912
48.61907107670655
45.60492610837439
67.73166783954962
118.02513162720163
168.1335679099226
177.46170664380367
185.36432490936136
195.33734177215192
239.5866661024951
213.07153893806182
250.92983903295058
210.54438575080843
220.04240506329114
239.6020635316545
241.20530469717352
237.8451384744208
214.1437539610677
229.94222279489745
213.0892329345531
224.7214911141727
199.9953275316926
199.29969001199314
229.90375365493455
204.22528572319368
204.26687526167166
214.70951727701123
180.37025316455694
179.4829113924051
162.54683544303793
164.19246118351316
207.11234688703664
183.33260716795502
168.0442726633872
188.05583489161992
164.76068072082245
175.67616741809914
142.76036542515814
165.28468025298667
130.66630758693088
150.08759885070765
148.41735769501054
138.24162493217221
123.32531645569621
125.45981230527143
115.14396988152022
133.26874849889253
128.86902781607762
121.20970627218304
135.27326046796077
121.92431460591176
151.22518836119093
134.5693391568891
162.73498644338125
181.6030415590168
204.6692847124825
159.80194097799307
210.69649614576034
177.78777582409376
227.74876043170627
236.05800210526107
195.40707569606798
195.31954552191579
190.29894810659187
186.85877286484094
170.39909337860783
153.2623729238946
139.69476179227874
111.42209640510814
114.29368863955119
101.72819074333802
93.56661991584852
66.09319775596073
