60.97861150070126
61.760751457887366
69.0631320224719
66.05168539325842
59.06959269662921
52.22801966292135
55.75435393258427
52.38609550561798
52.35912921348314
38.853370786516855
40.322823033707856
42.21500173711181
40.77212078651686
36.838623595505624
30.46952247191011
38.854269786857984
37.75316455696203
41.38101265822785
40.47060369324508
39.25840867992767
43.01871921182266
36.42322308233638
43.42828993666432
41.43560872624912
48.11907107670655
55.10492610837439
78.23166783954962
123.02513162720163
143.6335679099226
166.46170664380367
189.36432490936136
184.83734177215192
220.0866661024951
216.57153893806182
207.92983903295058
207.54438575080843
236.54240506329114
256.1020635316545
256.7053046971735
217.8451384744208
204.1437539610677
211.44222279489745
215.0892329345531
202.2214911141727
218.4953275316926
202.29969001199314
189.40375365493455
222.22528572319368
192.76687526167166
185.70951727701123
197.37025316455694
187.9829113924051
173.54683544303793
187.69246118351316
202.11234688703664
204.33260716795502
180.5442726633872
175.05583489161992
182.76068072082245
181.67616741809914
157.26036542515814
145.78468025298667
150.66630758693145
144.08759885070765
120.91735769501052
119.7416249321722
137.32531645569622
139.95981230527144
139.6439698815202
124.26874849889253
114.36902781607763
138.70970627218304
144.77326046796077
119.92431460591176
125.22518836119094
136.0693391568891
165.23498644338125
194.6030415590168
177.6692847124825
197.30194097799307
197.69649614576034
195.78777582409376
181.74876043170627
241.05800210526107
217.40707569606798
196.81954552191579
178.29894810659187
194.85877286484094
152.89909337860783
132.7623729238946
135.19476179227874
121.92209640510814
104.79368863955119
84.72819074333802
79.06661991584852
76.09319775596073
