67.47861150070126
64.76075145788737
55.563132022471905
53.051685393258424
55.06959269662921
47.72801966292135
40.75435393258427
40.88609550561798
45.85912921348314
39.353370786516855
47.322823033707856
42.21500173711181
35.27212078651686
31.838623595505624
31.46952247191011
39.354269786857984
36.75316455696203
30.881012658227853
37.97060369324508
46.25840867992767
35.51871921182266
43.92322308233638
42.42828993666432
43.93560872624912
42.11907107670655
44.10492610837439
76.23166783954962
140.52513162720163
140.6335679099226
158.96170664380367
206.86432490936136
224.83734177215192
232.5866661024951
246.07153893806182
209.92983903295058
220.54438575080843
251.54240506329114
222.6020635316545
221.70530469717352
243.8451384744208
209.1437539610677
211.44222279489745
195.5892329345531
188.7214911141727
202.9953275316926
236.29969001199314
213.90375365493455
224.22528572319368
201.26687526167166
211.20951727701123
168.37025316455694
210.9829113924051
163.54683544303793
187.69246118351316
193.11234688703664
181.83260716795502
181.5442726633872
165.05583489161992
156.76068072082245
183.17616741809914
169.26036542515814
138.28468025298667
162.1663075869318
155.08759885070765
148.41735769501054
136.74162493217221
120.32531645569621
128.45981230527144
138.1439698815202
132.26874849889253
114.36902781607763
115.20970627218304
145.27326046796077
140.92431460591177
122.72518836119094
158.5693391568891
151.23498644338125
165.6030415590168
162.1692847124825
157.30194097799307
173.19649614576034
181.28777582409376
210.24876043170627
196.55800210526107
217.40707569606798
184.31954552191579
169.79894810659187
173.35877286484094
164.39909337860783
158.2623729238946
143.69476179227874
114.42209640510814
114.29368863955119
87.22819074333802
98.06661991584852
79.59319775596073
