74.97861150070126
64.76075145788737
65.5631320224719
55.051685393258424
45.56959269662921
53.22801966292135
53.25435393258427
49.88609550561798
49.35912921348314
36.353370786516855
35.822823033707856
40.71500173711181
33.77212078651686
33.338623595505624
36.96952247191011
42.354269786857984
41.75316455696203
44.38101265822785
31.47060369324508
41.75840867992767
48.01871921182266
39.42322308233638
39.92828993666432
35.93560872624912
37.11907107670655
61.10492610837439
72.23166783954962
129.52513162720163
168.6335679099226
160.46170664380367
174.36432490936136
219.33734177215192
201.5866661024951
235.57153893806182
236.42983903295058
245.54438575080843
230.04240506329114
227.1020635316545
220.20530469717352
227.3451384744208
215.6437539610677
241.44222279489745
239.5892329345531
225.2214911141727
226.4953275316926
195.29969001199314
188.90375365493455
204.22528572319368
185.26687526167166
208.70951727701123
186.37025316455694
173.4829113924051
164.54683544303793
201.69246118351316
172.11234688703664
178.83260716795502
195.5442726633872
182.55583489161992
162.76068072082245
157.17616741809914
151.76036542515814
171.28468025298667
145.66630758693134
131.08759885070765
151.91735769501054
120.2416249321722
111.32531645569621
126.45981230527143
122.64396988152022
118.26874849889253
126.36902781607763
139.20970627218304
130.77326046796077
137.92431460591177
147.22518836119093
168.5693391568891
148.23498644338125
164.1030415590168
194.1692847124825
174.30194097799307
173.69649614576034
211.28777582409376
216.24876043170627
218.55800210526107
186.40707569606798
179.31954552191579
164.79894810659187
194.85877286484094
160.89909337860783
138.2623729238946
142.19476179227874
124.92209640510814
110.79368863955119
106.72819074333802
94.06661991584852
68.09319775596073
