72.97861150070126
54.260751457887366
59.063132022471905
59.051685393258424
49.06959269662921
45.22801966292135
56.75435393258427
45.38609550561798
49.85912921348314
42.353370786516855
33.822823033707856
48.21500173711181
29.772120786516858
43.338623595505624
32.96952247191011
28.85426978685798
29.753164556962027
29.381012658227853
43.47060369324508
38.25840867992767
42.01871921182266
38.92322308233638
38.92828993666432
48.93560872624912
46.61907107670655
50.60492610837439
81.73166783954962
134.02513162720163
151.1335679099226
165.96170664380367
179.36432490936136
223.83734177215192
204.0866661024951
226.07153893806182
212.92983903295058
239.54438575080843
217.04240506329114
252.6020635316545
232.70530469717352
201.3451384744208
199.6437539610677
217.94222279489745
218.5892329345531
201.7214911141727
201.4953275316926
222.29969001199314
209.40375365493455
187.22528572319368
203.76687526167166
186.20951727701123
215.37025316455694
175.4829113924051
177.04683544303793
163.19246118351316
187.11234688703664
206.83260716795502
180.0442726633872
158.05583489161992
160.76068072082245
164.17616741809914
171.26036542515814
142.78468025298667
161.6663075869318
155.08759885070765
118.91735769501052
118.7416249321722
140.82531645569622
138.95981230527144
114.64396988152022
142.26874849889253
134.86902781607762
113.20970627218304
124.77326046796075
142.92431460591177
136.22518836119093
139.5693391568891
166.73498644338125
181.6030415590168
180.6692847124825
180.80194097799307
200.69649614576034
219.28777582409376
201.74876043170627
226.05800210526107
220.40707569606798
173.81954552191579
165.29894810659187
188.85877286484094
152.39909337860783
136.2623729238946
114.19476179227874
126.42209640510814
108.79368863955119
100.22819074333802
95.06661991584852
76.59319775596073
