78.97861150070126
55.260751457887366
70.5631320224719
52.051685393258424
57.06959269662921
42.22801966292135
55.25435393258427
48.88609550561798
52.85912921348314
51.853370786516855
37.822823033707856
36.71500173711181
44.77212078651686
35.338623595505624
35.46952247191011
39.354269786857984
39.75316455696203
34.88101265822785
35.47060369324508
45.75840867992767
41.01871921182266
37.42322308233638
39.42828993666432
39.93560872624912
48.11907107670655
51.60492610837439
75.73166783954962
131.02513162720163
168.1335679099226
174.96170664380367
196.86432490936136
226.33734177215192
215.5866661024951
247.07153893806182
231.92983903295058
238.54438575080843
237.04240506329114
251.6020635316545
245.70530469717352
220.3451384744208
245.1437539610677
217.44222279489745
210.5892329345531
203.2214911141727
231.4953275316926
217.29969001199314
191.40375365493455
220.22528572319368
192.26687526167166
216.70951727701123
186.37025316455694
211.4829113924051
166.54683544303793
173.19246118351316
169.11234688703664
164.33260716795502
183.0442726633872
159.55583489161992
174.26068072082245
163.17616741809914
148.26036542515814
144.28468025298667
141.1663075869312
148.08759885070765
129.41735769501054
126.7416249321722
122.82531645569621
115.45981230527143
115.14396988152022
132.26874849889253
106.86902781607763
123.20970627218304
140.27326046796077
118.92431460591176
124.22518836119094
168.0693391568891
160.73498644338125
167.1030415590168
204.6692847124825
187.80194097799307
191.69649614576034
177.28777582409376
188.24876043170627
225.55800210526107
198.90707569606798
192.31954552191579
203.29894810659187
180.35877286484094
179.89909337860783
164.2623729238946
117.19476179227874
124.42209640510814
101.29368863955119
94.22819074333802
79.56661991584852
70.59319775596073
