70.47861150070126
53.760751457887366
69.5631320224719
54.551685393258424
55.06959269662921
48.72801966292135
53.75435393258427
51.88609550561798
39.85912921348314
46.353370786516855
45.322823033707856
39.21500173711181
29.272120786516858
34.338623595505624
32.96952247191011
29.35426978685798
31.753164556962027
29.881012658227853
31.47060369324508
33.25840867992767
45.01871921182266
41.92322308233638
34.42828993666432
48.93560872624912
41.61907107670655
58.60492610837439
79.73166783954962
121.52513162720163
168.6335679099226
180.96170664380367
173.86432490936136
229.33734177215192
230.0866661024951
259.57153893806185
229.42983903295058
255.54438575080843
226.04240506329114
220.6020635316545
223.70530469717352
238.3451384744208
201.6437539610677
231.44222279489745
205.0892329345531
224.2214911141727
187.4953275316926
226.29969001199314
216.90375365493455
229.22528572319368
216.76687526167166
197.20951727701123
202.37025316455694
193.9829113924051
192.54683544303793
186.69246118351316
179.11234688703664
197.33260716795502
163.0442726633872
183.55583489161992
165.26068072082245
170.67616741809914
171.26036542515814
143.28468025298667
147.16630758693137
124.08759885070765
122.91735769501052
124.7416249321722
130.82531645569622
107.95981230527143
115.14396988152022
116.76874849889253
139.86902781607762
124.20970627218304
146.27326046796077
129.42431460591177
126.72518836119094
141.0693391568891
167.23498644338125
161.6030415590168
190.6692847124825
157.30194097799307
206.69649614576034
179.78777582409376
214.74876043170627
235.55800210526107
197.40707569606798
192.81954552191579
178.79894810659187
180.85877286484094
150.39909337860783
138.7623729238946
127.69476179227874
105.42209640510814
99.79368863955119
109.22819074333802
78.06661991584852
66.59319775596073
