63.47861150070126
71.26075145788737
52.563132022471905
55.051685393258424
56.06959269662921
45.22801966292135
50.75435393258427
48.38609550561798
43.85912921348314
49.353370786516855
47.322823033707856
47.21500173711181
38.77212078651686
42.838623595505624
37.46952247191011
28.85426978685798
41.75316455696203
34.88101265822785
37.47060369324508
36.75840867992767
44.01871921182266
33.92322308233638
43.92828993666432
46.43560872624912
39.11907107670655
46.10492610837439
61.231667839549615
116.52513162720163
159.1335679099226
157.46170664380367
179.86432490936136
218.33734177215192
207.0866661024951
214.57153893806182
247.42983903295058
234.04438575080843
245.54240506329114
224.6020635316545
220.20530469717352
214.8451384744208
213.6437539610677
194.94222279489745
236.0892329345531
201.7214911141727
201.9953275316926
195.29969001199314
188.40375365493455
211.22528572319368
190.76687526167166
216.20951727701123
212.87025316455694
171.9829113924051
196.54683544303793
179.69246118351316
200.61234688703664
176.83260716795502
174.5442726633872
156.55583489161992
186.26068072082245
151.67616741809914
181.26036542515814
148.28468025298667
138.6663075869311
122.08759885070765
121.41735769501052
116.7416249321722
115.32531645569621
114.95981230527143
141.1439698815202
115.76874849889253
117.36902781607763
129.70970627218304
140.77326046796077
139.42431460591177
156.72518836119093
160.5693391568891
183.23498644338125
186.6030415590168
194.6692847124825
192.80194097799307
209.69649614576034
218.28777582409376
202.24876043170627
223.55800210526107
207.40707569606798
165.31954552191579
198.29894810659187
176.35877286484094
172.39909337860783
158.2623729238946
134.19476179227874
115.92209640510814
110.79368863955119
86.72819074333802
82.56661991584852
69.59319775596073
