76.97861150070126
54.260751457887366
63.063132022471905
54.051685393258424
47.56959269662921
54.22801966292135
38.75435393258427
44.88609550561798
47.85912921348314
35.853370786516855
46.822823033707856
39.71500173711181
33.27212078651686
32.838623595505624
34.46952247191011
36.354269786857984
44.25316455696203
35.88101265822785
46.47060369324508
37.25840867992767
38.51871921182266
35.92322308233638
42.42828993666432
36.93560872624912
50.11907107670655
59.60492610837439
72.23166783954962
128.52513162720163
162.1335679099226
164.46170664380367
200.36432490936136
181.33734177215192
232.5866661024951
255.07153893806182
245.92983903295058
253.54438575080843
219.54240506329114
249.1020635316545
229.70530469717352
237.8451384744208
235.6437539610677
196.44222279489745
223.0892329345531
226.2214911141727
194.9953275316926
202.29969001199314
209.90375365493455
227.22528572319368
188.26687526167166
207.20951727701123
209.87025316455694
201.4829113924051
184.54683544303793
182.19246118351316
180.11234688703664
200.33260716795502
203.5442726633872
166.55583489161992
170.76068072082245
163.17616741809914
161.76036542515814
167.78468025298667
160.16630758693174
148.08759885070765
121.91735769501052
115.2416249321722
111.32531645569621
130.45981230527144
115.64396988152022
115.26874849889253
111.36902781607763
124.20970627218304
143.27326046796077
141.42431460591177
143.22518836119093
168.5693391568891
161.23498644338125
189.6030415590168
175.6692847124825
186.30194097799307
206.19649614576034
191.28777582409376
228.24876043170627
237.05800210526107
224.40707569606798
180.81954552191579
201.29894810659187
184.35877286484094
173.39909337860783
157.2623729238946
128.69476179227874
106.42209640510814
120.79368863955119
83.72819074333802
83.06661991584852
82.59319775596073
