65.97861150070126
61.260751457887366
71.0631320224719
49.551685393258424
48.06959269662921
48.72801966292135
56.75435393258427
38.38609550561798
43.85912921348314
39.353370786516855
39.822823033707856
42.21500173711181
41.27212078651686
37.838623595505624
29.96952247191011
38.354269786857984
36.75316455696203
35.38101265822785
31.97060369324508
46.75840867992767
40.01871921182266
40.92322308233638
40.92828993666432
35.43560872624912
46.11907107670655
45.10492610837439
68.23166783954962
122.02513162720163
137.1335679099226
186.96170664380367
183.86432490936136
188.33734177215192
212.0866661024951
241.57153893806182
204.92983903295058
225.54438575080843
243.04240506329114
248.6020635316545
248.20530469717352
228.8451384744208
247.1437539610677
211.44222279489745
200.5892329345531
204.7214911141727
192.4953275316926
218.79969001199314
221.40375365493455
224.22528572319368
190.26687526167166
210.70951727701123
171.37025316455694
202.9829113924051
191.54683544303793
206.19246118351316
208.61234688703664
190.33260716795502
207.5442726633872
171.55583489161992
154.76068072082245
148.67616741809914
178.76036542515814
171.28468025298667
141.1663075869312
121.58759885070765
119.41735769501052
125.2416249321722
141.82531645569622
133.45981230527144
126.14396988152022
110.76874849889253
124.86902781607763
130.70970627218304
126.27326046796075
130.92431460591177
150.72518836119093
136.0693391568891
160.73498644338125
193.6030415590168
168.1692847124825
192.30194097799307
183.19649614576034
197.28777582409376
228.74876043170627
190.05800210526107
199.90707569606798
178.31954552191579
166.29894810659187
154.35877286484094
174.89909337860783
151.7623729238946
120.69476179227874
112.92209640510814
112.79368863955119
87.72819074333802
77.56661991584852
71.09319775596073
