65.47861150070126
64.76075145788737
64.0631320224719
48.051685393258424
44.56959269662921
46.72801966292135
53.75435393258427
37.38609550561798
47.35912921348314
39.853370786516855
48.822823033707856
37.21500173711181
33.27212078651686
30.338623595505624
36.46952247191011
34.854269786857984
38.75316455696203
36.38101265822785
38.47060369324508
43.25840867992767
38.01871921182266
46.42322308233638
37.42828993666432
38.43560872624912
37.11907107670655
50.10492610837439
76.73166783954962
135.52513162720163
141.6335679099226
179.46170664380367
177.86432490936136
190.33734177215192
223.0866661024951
261.07153893806185
232.92983903295058
227.04438575080843
206.04240506329114
246.6020635316545
219.70530469717352
245.3451384744208
218.6437539610677
207.44222279489745
218.0892329345531
187.7214911141727
184.4953275316926
206.79969001199314
209.90375365493455
235.72528572319368
202.26687526167166
220.20951727701123
206.37025316455694
193.9829113924051
186.54683544303793
206.19246118351316
202.11234688703664
205.33260716795502
182.0442726633872
184.55583489161992
178.26068072082245
162.67616741809914
162.26036542515814
142.78468025298667
155.66630758693162
137.58759885070765
122.91735769501052
111.7416249321722
127.32531645569621
126.95981230527143
129.6439698815202
110.26874849889253
111.36902781607763
132.20970627218304
119.27326046796075
126.42431460591176
139.72518836119093
167.0693391568891
164.23498644338125
172.1030415590168
183.1692847124825
200.30194097799307
184.19649614576034
189.28777582409376
197.24876043170627
233.55800210526107
220.40707569606798
185.31954552191579
191.29894810659187
177.35877286484094
183.89909337860783
131.2623729238946
135.19476179227874
115.42209640510814
95.79368863955119
107.72819074333802
90.06661991584852
82.09319775596073
