65.97861150070126
65.76075145788737
68.0631320224719
54.051685393258424
56.06959269662921
45.72801966292135
44.75435393258427
50.88609550561798
43.85912921348314
40.853370786516855
36.322823033707856
40.21500173711181
31.272120786516858
37.338623595505624
32.96952247191011
37.354269786857984
29.753164556962027
40.38101265822785
34.97060369324508
46.25840867992767
48.51871921182266
37.42322308233638
42.92828993666432
49.43560872624912
44.11907107670655
48.60492610837439
73.23166783954962
137.02513162720163
149.1335679099226
156.46170664380367
187.36432490936136
210.33734177215192
231.0866661024951
259.57153893806185
213.92983903295058
233.54438575080843
214.54240506329114
245.1020635316545
258.2053046971735
225.3451384744208
211.6437539610677
195.94222279489745
230.5892329345531
206.7214911141727
207.9953275316926
205.79969001199314
236.90375365493455
189.72528572319368
184.26687526167166
189.70951727701123
169.37025316455694
178.4829113924051
180.04683544303793
173.69246118351316
177.61234688703664
172.33260716795502
196.5442726633872
166.05583489161992
171.76068072082245
181.67616741809914
168.76036542515814
165.28468025298667
132.66630758693094
127.08759885070765
120.91735769501052
133.74162493217221
122.32531645569621
116.45981230527143
140.6439698815202
141.26874849889253
121.36902781607763
122.20970627218304
143.27326046796077
133.92431460591177
123.72518836119094
154.5693391568891
157.23498644338125
200.6030415590168
175.1692847124825
162.80194097799307
183.69649614576034
212.78777582409376
202.74876043170627
239.05800210526107
220.40707569606798
208.81954552191579
204.29894810659187
184.35877286484094
174.89909337860783
154.2623729238946
131.19476179227874
130.92209640510814
118.79368863955119
86.22819074333802
89.06661991584852
67.59319775596073
