71.47861150070126
69.76075145788737
51.563132022471905
63.551685393258424
61.06959269662921
45.22801966292135
49.25435393258427
44.88609550561798
50.35912921348314
35.853370786516855
44.322823033707856
44.71500173711181
37.27212078651686
29.838623595505624
31.96952247191011
41.354269786857984
34.75316455696203
45.38101265822785
44.47060369324508
45.25840867992767
38.01871921182266
43.42322308233638
43.42828993666432
38.43560872624912
53.11907107670655
48.60492610837439
64.23166783954962
110.52513162720163
173.6335679099226
158.96170664380367
205.36432490936136
218.33734177215192
200.5866661024951
246.07153893806182
243.92983903295058
220.54438575080843
212.04240506329114
208.6020635316545
245.70530469717352
216.3451384744208
229.1437539610677
239.44222279489745
188.5892329345531
221.2214911141727
220.9953275316926
198.79969001199314
215.90375365493455
197.22528572319368
214.26687526167166
183.70951727701123
173.37025316455694
193.4829113924051
194.54683544303793
202.19246118351316
165.61234688703664
199.83260716795502
201.5442726633872
175.05583489161992
188.76068072082245
162.17616741809914
174.26036542515814
161.28468025298667
153.66630758693157
152.58759885070765
125.41735769501052
125.7416249321722
114.82531645569621
128.95981230527144
121.64396988152022
136.26874849889253
113.36902781607763
114.20970627218304
149.27326046796077
113.42431460591176
145.22518836119093
147.5693391568891
153.73498644338125
164.6030415590168
189.1692847124825
167.30194097799307
189.69649614576034
209.78777582409376
219.24876043170627
241.55800210526107
203.40707569606798
178.31954552191579
182.79894810659187
181.85877286484094
187.89909337860783
164.7623729238946
140.69476179227874
108.42209640510814
103.79368863955119
84.22819074333802
79.06661991584852
78.59319775596073
