66.47861150070126
68.76075145788737
52.063132022471905
66.05168539325842
49.56959269662921
57.22801966292135
45.75435393258427
38.38609550561798
52.85912921348314
38.353370786516855
46.822823033707856
34.71500173711181
44.77212078651686
40.338623595505624
37.46952247191011
28.35426978685798
33.75316455696203
43.88101265822785
36.97060369324508
34.75840867992767
36.01871921182266
40.42322308233638
42.42828993666432
48.43560872624912
36.11907107670655
44.60492610837439
65.23166783954962
138.02513162720163
160.1335679099226
180.96170664380367
178.86432490936136
190.83734177215192
253.5866661024951
253.07153893806182
220.42983903295058
248.54438575080843
240.04240506329114
205.1020635316545
229.70530469717352
242.3451384744208
211.6437539610677
200.94222279489745
211.0892329345531
226.7214911141727
188.9953275316926
187.29969001199314
201.90375365493455
202.22528572319368
210.26687526167166
176.70951727701123
183.37025316455694
197.4829113924051
189.04683544303793
177.69246118351316
163.11234688703664
207.33260716795502
164.5442726633872
189.55583489161992
157.26068072082245
177.17616741809914
178.26036542515814
151.78468025298667
134.166307586931
143.58759885070765
142.41735769501054
145.74162493217221
136.32531645569622
128.95981230527144
113.14396988152022
111.26874849889253
133.86902781607762
118.70970627218304
137.27326046796077
119.92431460591176
155.22518836119093
163.5693391568891
163.73498644338125
180.6030415590168
190.1692847124825
180.30194097799307
178.69649614576034
204.78777582409376
181.24876043170627
210.55800210526107
211.90707569606798
211.31954552191579
195.29894810659187
179.35877286484094
162.89909337860783
131.7623729238946
122.69476179227874
121.92209640510814
91.79368863955119
106.72819074333802
96.06661991584852
87.59319775596073
