81.97861150070126
69.76075145788737
64.5631320224719
52.551685393258424
48.06959269662921
47.72801966292135
56.75435393258427
49.88609550561798
36.35912921348314
48.853370786516855
49.322823033707856
38.71500173711181
39.27212078651686
29.338623595505624
43.96952247191011
31.35426978685798
40.75316455696203
33.88101265822785
39.47060369324508
34.25840867992767
39.01871921182266
46.92322308233638
36.92828993666432
42.43560872624912
53.11907107670655
45.10492610837439
69.23166783954962
126.52513162720163
154.6335679099226
181.46170664380367
194.36432490936136
208.33734177215192
216.0866661024951
223.07153893806182
227.42983903295058
231.54438575080843
235.54240506329114
258.6020635316545
226.20530469717352
230.8451384744208
231.6437539610677
212.44222279489745
226.5892329345531
208.7214911141727
183.9953275316926
228.79969001199314
193.90375365493455
207.72528572319368
194.76687526167166
179.20951727701123
170.37025316455694
198.9829113924051
176.04683544303793
182.69246118351316
200.61234688703664
205.83260716795502
183.5442726633872
163.05583489161992
167.26068072082245
188.17616741809914
175.26036542515814
148.78468025298667
156.16630758693162
128.08759885070765
154.41735769501054
134.74162493217221
115.32531645569621
123.95981230527143
125.64396988152022
126.26874849889253
120.86902781607763
133.70970627218304
137.77326046796077
113.92431460591176
138.72518836119093
143.5693391568891
173.23498644338125
159.1030415590168
205.6692847124825
165.30194097799307
182.19649614576034
194.28777582409376
204.74876043170627
208.05800210526107
190.90707569606798
210.31954552191579
202.79894810659187
195.85877286484094
173.89909337860783
138.7623729238946
130.69476179227874
121.42209640510814
111.29368863955119
96.22819074333802
94.56661991584852
83.09319775596073
