83.47861150070126
71.26075145788737
70.5631320224719
54.051685393258424
60.56959269662921
42.72801966292135
39.75435393258427
44.88609550561798
45.85912921348314
43.853370786516855
49.822823033707856
34.21500173711181
31.272120786516858
40.338623595505624
35.96952247191011
37.354269786857984
46.25316455696203
34.88101265822785
43.47060369324508
46.75840867992767
32.51871921182266
36.92322308233638
45.92828993666432
49.93560872624912
48.61907107670655
47.10492610837439
62.731667839549615
111.02513162720163
152.1335679099226
155.96170664380367
170.86432490936136
193.33734177215192
221.0866661024951
231.07153893806182
204.42983903295058
223.04438575080843
222.04240506329114
244.1020635316545
260.7053046971735
201.3451384744208
220.1437539610677
210.94222279489745
200.0892329345531
203.7214911141727
203.9953275316926
218.29969001199314
215.40375365493455
214.22528572319368
226.26687526167166
219.70951727701123
179.87025316455694
203.9829113924051
179.04683544303793
194.19246118351316
164.11234688703664
208.83260716795502
182.5442726633872
159.55583489161992
169.26068072082245
181.67616741809914
164.76036542515814
150.78468025298667
151.6663075869315
145.58759885070765
153.91735769501054
112.7416249321722
114.32531645569621
136.45981230527144
109.64396988152022
137.26874849889253
115.36902781607763
111.70970627218304
134.27326046796077
126.92431460591176
124.22518836119094
144.5693391568891
149.23498644338125
201.6030415590168
180.1692847124825
194.30194097799307
183.19649614576034
198.78777582409376
193.24876043170627
212.55800210526107
190.90707569606798
184.81954552191579
201.79894810659187
163.85877286484094
150.39909337860783
153.2623729238946
131.69476179227874
111.42209640510814
118.79368863955119
96.22819074333802
90.56661991584852
87.09319775596073
