70.47861150070126
55.760751457887366
63.563132022471905
47.051685393258424
58.56959269662921
44.22801966292135
47.75435393258427
42.38609550561798
48.85912921348314
44.353370786516855
44.322823033707856
46.21500173711181
39.77212078651686
40.338623595505624
35.96952247191011
34.854269786857984
36.75316455696203
41.38101265822785
35.97060369324508
39.75840867992767
45.01871921182266
34.92322308233638
37.42828993666432
42.43560872624912
47.61907107670655
56.10492610837439
74.73166783954962
143.02513162720163
146.1335679099226
150.96170664380367
186.36432490936136
205.33734177215192
228.5866661024951
217.57153893806182
240.92983903295058
220.04438575080843
231.54240506329114
212.1020635316545
212.70530469717352
244.8451384744208
238.1437539610677
225.94222279489745
218.0892329345531
222.2214911141727
229.4953275316926
237.29969001199314
221.40375365493455
185.22528572319368
189.76687526167166
176.20951727701123
198.37025316455694
170.9829113924051
170.04683544303793
190.69246118351316
177.61234688703664
185.33260716795502
179.5442726633872
170.05583489161992
178.76068072082245
164.67616741809914
171.26036542515814
168.78468025298667
145.66630758693134
152.58759885070765
150.41735769501054
144.24162493217221
117.82531645569621
114.45981230527143
133.1439698815202
137.26874849889253
138.86902781607762
114.20970627218304
137.77326046796077
119.92431460591176
138.72518836119093
152.5693391568891
152.73498644338125
201.6030415590168
170.6692847124825
156.80194097799307
178.19649614576034
219.78777582409376
182.24876043170627
200.55800210526107
209.90707569606798
188.31954552191579
194.79894810659187
161.35877286484094
148.39909337860783
159.2623729238946
135.19476179227874
105.92209640510814
118.79368863955119
102.22819074333802
73.06661991584852
89.09319775596073
