81.97861150070126
64.76075145788737
50.563132022471905
66.05168539325842
58.06959269662921
60.72801966292135
43.75435393258427
52.38609550561798
51.85912921348314
38.853370786516855
49.322823033707856
35.71500173711181
33.77212078651686
35.838623595505624
31.96952247191011
43.354269786857984
44.25316455696203
35.38101265822785
36.47060369324508
45.75840867992767
47.51871921182266
43.42322308233638
49.92828993666432
38.43560872624912
48.61907107670655
55.10492610837439
74.73166783954962
113.02513162720163
157.1335679099226
160.96170664380367
202.36432490936136
218.33734177215192
208.5866661024951
227.57153893806182
213.92983903295058
204.54438575080843
255.54240506329114
238.6020635316545
238.20530469717352
244.3451384744208
245.6437539610677
223.94222279489745
237.0892329345531
210.2214911141727
191.9953275316926
214.79969001199314
194.40375365493455
218.22528572319368
196.76687526167166
205.70951727701123
193.87025316455694
171.9829113924051
181.54683544303793
183.69246118351316
178.11234688703664
179.83260716795502
201.0442726633872
188.55583489161992
174.26068072082245
159.67616741809914
183.26036542515814
155.28468025298667
158.66630758693168
127.08759885070765
148.91735769501054
114.7416249321722
115.32531645569621
134.45981230527144
138.1439698815202
134.76874849889253
134.86902781607762
113.20970627218304
148.27326046796077
130.92431460591177
126.22518836119094
170.0693391568891
182.73498644338125
174.1030415590168
197.1692847124825
163.80194097799307
172.69649614576034
173.28777582409376
191.74876043170627
194.05800210526107
218.40707569606798
184.81954552191579
203.79894810659187
197.35877286484094
185.89909337860783
138.2623729238946
129.19476179227874
122.92209640510814
116.79368863955119
84.72819074333802
88.56661991584852
66.09319775596073
