73.97861150070126
58.260751457887366
64.5631320224719
57.051685393258424
45.56959269662921
50.22801966292135
46.75435393258427
41.38609550561798
45.35912921348314
45.853370786516855
32.822823033707856
43.71500173711181
41.77212078651686
32.838623595505624
36.46952247191011
42.354269786857984
43.25316455696203
40.88101265822785
36.97060369324508
40.25840867992767
47.51871921182266
34.42322308233638
49.92828993666432
49.43560872624912
47.11907107670655
46.60492610837439
72.73166783954962
120.02513162720163
146.6335679099226
162.96170664380367
202.36432490936136
223.83734177215192
201.0866661024951
260.57153893806185
240.42983903295058
228.54438575080843
210.54240506329114
236.6020635316545
246.20530469717352
251.8451384744208
213.6437539610677
199.44222279489745
211.0892329345531
218.2214911141727
188.4953275316926
202.79969001199314
205.40375365493455
212.72528572319368
194.76687526167166
178.70951727701123
214.87025316455694
170.4829113924051
198.04683544303793
207.19246118351316
191.11234688703664
169.83260716795502
175.5442726633872
168.05583489161992
168.26068072082245
148.67616741809914
161.26036542515814
151.28468025298667
130.16630758693088
121.58759885070765
127.91735769501052
122.2416249321722
135.82531645569622
137.95981230527144
119.14396988152022
112.76874849889253
138.86902781607762
118.20970627218304
146.77326046796077
139.42431460591177
136.22518836119093
146.5693391568891
184.73498644338125
168.1030415590168
202.1692847124825
165.80194097799307
181.19649614576034
182.78777582409376
204.24876043170627
216.55800210526107
197.40707569606798
195.81954552191579
193.29894810659187
158.35877286484094
153.89909337860783
132.7623729238946
145.19476179227874
118.92209640510814
114.79368863955119
103.22819074333802
97.56661991584852
89.09319775596073
