83.47861150070126
53.760751457887366
70.5631320224719
52.551685393258424
55.06959269662921
52.72801966292135
54.25435393258427
45.38609550561798
51.85912921348314
36.853370786516855
47.322823033707856
40.21500173711181
42.27212078651686
32.338623595505624
43.96952247191011
40.354269786857984
31.753164556962027
40.88101265822785
41.47060369324508
42.75840867992767
43.01871921182266
47.42322308233638
34.42828993666432
38.93560872624912
38.61907107670655
45.10492610837439
83.73166783954962
141.52513162720163
166.6335679099226
155.96170664380367
162.86432490936136
208.33734177215192
229.5866661024951
218.57153893806182
243.42983903295058
220.04438575080843
236.04240506329114
234.1020635316545
255.20530469717352
248.8451384744208
198.6437539610677
212.94222279489745
225.0892329345531
205.7214911141727
203.4953275316926
225.79969001199314
192.40375365493455
201.22528572319368
218.26687526167166
176.20951727701123
173.37025316455694
184.4829113924051
207.54683544303793
200.69246118351316
197.61234688703664
199.83260716795502
201.5442726633872
197.05583489161992
157.26068072082245
149.67616741809914
143.76036542515814
137.78468025298667
163.66630758693185
146.08759885070765
130.91735769501054
121.7416249321722
117.82531645569621
135.95981230527144
139.6439698815202
135.26874849889253
108.36902781607763
125.70970627218304
140.27326046796077
117.42431460591176
151.22518836119093
161.5693391568891
170.23498644338125
184.1030415590168
192.1692847124825
180.80194097799307
197.19649614576034
177.78777582409376
215.24876043170627
218.05800210526107
207.40707569606798
209.81954552191579
190.29894810659187
190.85877286484094
161.89909337860783
166.2623729238946
136.69476179227874
123.92209640510814
103.29368863955119
84.72819074333802
81.06661991584852
83.09319775596073
