64.47861150070126
59.760751457887366
57.563132022471905
48.551685393258424
61.06959269662921
51.72801966292135
40.75435393258427
45.88609550561798
39.35912921348314
40.853370786516855
36.322823033707856
35.21500173711181
32.27212078651686
42.838623595505624
41.46952247191011
35.354269786857984
40.75316455696203
34.88101265822785
40.97060369324508
42.25840867992767
41.01871921182266
41.92322308233638
45.42828993666432
45.93560872624912
46.11907107670655
53.60492610837439
69.73166783954962
111.52513162720163
160.1335679099226
150.96170664380367
186.36432490936136
181.83734177215192
253.5866661024951
247.07153893806182
205.42983903295058
246.04438575080843
216.54240506329114
256.6020635316545
249.70530469717352
213.3451384744208
229.1437539610677
228.94222279489745
225.5892329345531
205.7214911141727
187.9953275316926
191.79969001199314
212.90375365493455
233.22528572319368
187.26687526167166
178.20951727701123
192.37025316455694
175.9829113924051
201.54683544303793
175.19246118351316
193.61234688703664
191.33260716795502
184.5442726633872
164.55583489161992
181.76068072082245
165.17616741809914
148.76036542515814
155.28468025298667
144.66630758693128
142.58759885070765
127.41735769501052
137.24162493217221
140.32531645569622
107.95981230527143
112.14396988152022
129.26874849889253
126.86902781607763
126.70970627218304
149.27326046796077
113.92431460591176
134.22518836119093
159.0693391568891
167.23498644338125
164.1030415590168
174.6692847124825
198.80194097799307
173.69649614576034
192.28777582409376
220.74876043170627
191.55800210526107
228.90707569606798
206.81954552191579
164.79894810659187
171.85877286484094
188.89909337860783
143.7623729238946
131.69476179227874
102.92209640510814
120.29368863955119
84.22819074333802
75.56661991584852
70.59319775596073
