83.47861150070126
67.26075145788737
67.0631320224719
53.051685393258424
50.56959269662921
57.72801966292135
53.75435393258427
49.38609550561798
44.35912921348314
50.353370786516855
34.822823033707856
41.21500173711181
34.77212078651686
29.838623595505624
38.96952247191011
34.854269786857984
30.253164556962027
34.38101265822785
30.47060369324508
48.25840867992767
44.01871921182266
46.42322308233638
45.92828993666432
34.43560872624912
47.61907107670655
48.60492610837439
81.73166783954962
112.02513162720163
142.6335679099226
185.46170664380367
168.36432490936136
190.83734177215192
224.0866661024951
221.57153893806182
255.92983903295058
211.04438575080843
224.04240506329114
235.1020635316545
236.70530469717352
203.3451384744208
207.6437539610677
237.44222279489745
221.5892329345531
199.7214911141727
186.4953275316926
218.29969001199314
191.90375365493455
207.22528572319368
188.26687526167166
178.20951727701123
210.87025316455694
184.9829113924051
198.54683544303793
184.69246118351316
189.11234688703664
178.33260716795502
177.5442726633872
177.55583489161992
180.76068072082245
174.67616741809914
177.26036542515814
155.78468025298667
140.16630758693117
147.58759885070765
149.91735769501054
129.74162493217221
111.82531645569621
118.45981230527143
129.1439698815202
131.76874849889253
115.36902781607763
127.20970627218304
116.27326046796075
122.92431460591176
146.22518836119093
134.0693391568891
170.23498644338125
168.6030415590168
185.1692847124825
161.80194097799307
165.69649614576034
215.28777582409376
193.74876043170627
234.05800210526107
213.40707569606798
189.31954552191579
161.79894810659187
173.35877286484094
162.39909337860783
133.7623729238946
129.19476179227874
114.92209640510814
105.79368863955119
99.72819074333802
90.06661991584852
89.59319775596073
