70.97861150070126
60.260751457887366
54.563132022471905
47.551685393258424
52.56959269662921
51.72801966292135
42.25435393258427
45.38609550561798
49.85912921348314
41.353370786516855
49.822823033707856
37.71500173711181
38.27212078651686
39.338623595505624
28.96952247191011
32.854269786857984
37.25316455696203
30.881012658227853
34.97060369324508
42.25840867992767
39.51871921182266
39.92322308233638
35.92828993666432
45.43560872624912
36.61907107670655
45.60492610837439
69.23166783954962
119.52513162720163
165.6335679099226
167.96170664380367
167.36432490936136
197.83734177215192
208.5866661024951
229.57153893806182
233.42983903295058
218.04438575080843
230.54240506329114
209.1020635316545
225.70530469717352
251.8451384744208
213.6437539610677
234.44222279489745
234.0892329345531
206.7214911141727
197.4953275316926
208.29969001199314
199.40375365493455
208.22528572319368
194.26687526167166
175.70951727701123
174.37025316455694
201.9829113924051
166.54683544303793
169.19246118351316
182.11234688703664
174.33260716795502
206.5442726633872
174.55583489161992
188.26068072082245
183.67616741809914
168.26036542515814
154.28468025298667
134.166307586931
150.08759885070765
148.91735769501054
114.7416249321722
129.32531645569622
112.45981230527143
113.64396988152022
133.76874849889253
130.86902781607762
117.20970627218304
137.27326046796077
126.92431460591176
125.22518836119094
137.0693391568891
172.23498644338125
178.1030415590168
188.6692847124825
183.30194097799307
201.19649614576034
191.78777582409376
227.24876043170627
236.05800210526107
225.40707569606798
193.81954552191579
205.29894810659187
157.35877286484094
168.39909337860783
149.2623729238946
121.69476179227874
114.92209640510814
114.79368863955119
92.72819074333802
96.06661991584852
75.59319775596073
