61.47861150070126
54.260751457887366
64.5631320224719
55.051685393258424
64.0695926966292
47.22801966292135
49.75435393258427
42.38609550561798
35.35912921348314
40.353370786516855
44.822823033707856
41.21500173711181
29.772120786516858
35.338623595505624
27.96952247191011
44.354269786857984
36.75316455696203
34.38101265822785
30.97060369324508
45.75840867992767
37.01871921182266
49.92322308233638
35.92828993666432
34.43560872624912
52.11907107670655
59.10492610837439
62.231667839549615
111.52513162720163
172.6335679099226
146.96170664380367
181.86432490936136
211.83734177215192
215.5866661024951
231.57153893806182
215.92983903295058
244.54438575080843
255.54240506329114
207.6020635316545
244.20530469717352
206.3451384744208
236.1437539610677
226.44222279489745
208.5892329345531
195.7214911141727
214.4953275316926
208.79969001199314
207.90375365493455
196.72528572319368
182.76687526167166
180.20951727701123
191.87025316455694
189.4829113924051
205.04683544303793
193.69246118351316
196.11234688703664
172.83260716795502
163.0442726633872
166.05583489161992
177.26068072082245
164.17616741809914
168.76036542515814
173.28468025298667
141.1663075869312
134.08759885070765
132.91735769501054
111.2416249321722
132.32531645569622
128.45981230527144
136.1439698815202
135.26874849889253
119.86902781607763
110.70970627218304
132.27326046796077
119.42431460591176
152.72518836119093
164.0693391568891
144.73498644338125
173.1030415590168
198.1692847124825
165.80194097799307
189.69649614576034
204.78777582409376
184.74876043170627
211.05800210526107
183.90707569606798
177.31954552191579
202.79894810659187
168.85877286484094
153.39909337860783
135.2623729238946
125.19476179227874
117.92209640510814
96.79368863955119
89.22819074333802
92.06661991584852
75.09319775596073
