64.97861150070126
74.26075145788737
64.5631320224719
58.551685393258424
55.56959269662921
52.72801966292135
53.25435393258427
47.88609550561798
45.85912921348314
48.353370786516855
43.822823033707856
44.21500173711181
39.77212078651686
43.838623595505624
34.96952247191011
36.854269786857984
39.75316455696203
38.88101265822785
41.47060369324508
42.25840867992767
32.01871921182266
35.92322308233638
45.42828993666432
50.93560872624912
48.61907107670655
48.10492610837439
76.73166783954962
112.52513162720163
155.6335679099226
181.96170664380367
175.36432490936136
205.83734177215192
205.5866661024951
209.07153893806182
253.92983903295058
240.04438575080843
241.54240506329114
206.6020635316545
258.2053046971735
214.8451384744208
250.6437539610677
235.94222279489745
207.0892329345531
224.2214911141727
211.9953275316926
197.79969001199314
211.90375365493455
230.22528572319368
187.26687526167166
178.20951727701123
210.87025316455694
168.4829113924051
206.04683544303793
186.19246118351316
197.11234688703664
204.83260716795502
196.5442726633872
168.05583489161992
163.26068072082245
152.67616741809914
175.26036542515814
135.28468025298667
149.16630758693142
120.08759885070765
147.41735769501054
117.2416249321722
130.82531645569622
139.45981230527144
112.14396988152022
119.76874849889253
132.36902781607762
109.70970627218304
114.77326046796075
140.92431460591177
128.22518836119093
139.0693391568891
172.23498644338125
162.1030415590168
188.6692847124825
172.30194097799307
178.19649614576034
211.28777582409376
201.74876043170627
201.55800210526107
186.40707569606798
205.31954552191579
181.79894810659187
158.85877286484094
176.89909337860783
162.2623729238946
139.19476179227874
130.92209640510814
105.79368863955119
97.22819074333802
94.06661991584852
86.09319775596073
