74.47861150070126
56.260751457887366
50.063132022471905
64.55168539325842
50.56959269662921
54.22801966292135
44.75435393258427
47.38609550561798
38.35912921348314
48.853370786516855
42.822823033707856
45.71500173711181
32.27212078651686
33.338623595505624
39.46952247191011
34.854269786857984
43.75316455696203
43.88101265822785
38.47060369324508
36.75840867992767
38.01871921182266
40.42322308233638
34.42828993666432
38.93560872624912
47.61907107670655
45.60492610837439
61.231667839549615
123.02513162720163
163.1335679099226
154.96170664380367
205.86432490936136
196.33734177215192
247.0866661024951
245.07153893806182
230.42983903295058
220.04438575080843
249.04240506329114
235.1020635316545
207.70530469717352
206.8451384744208
214.6437539610677
195.94222279489745
204.0892329345531
202.2214911141727
222.4953275316926
209.79969001199314
205.90375365493455
229.72528572319368
210.26687526167166
184.70951727701123
184.87025316455694
165.9829113924051
192.04683544303793
171.69246118351316
198.11234688703664
194.33260716795502
172.0442726633872
185.05583489161992
148.26068072082245
163.17616741809914
146.26036542515814
165.28468025298667
137.6663075869311
128.58759885070765
118.91735769501052
139.24162493217221
142.82531645569622
113.45981230527143
141.1439698815202
131.76874849889253
134.86902781607762
140.70970627218304
134.27326046796077
125.92431460591176
125.22518836119094
156.0693391568891
155.73498644338125
199.6030415590168
169.6692847124825
157.30194097799307
167.19649614576034
184.78777582409376
218.74876043170627
204.55800210526107
189.90707569606798
204.31954552191579
206.29894810659187
165.35877286484094
164.89909337860783
163.2623729238946
118.69476179227874
116.92209640510814
95.29368863955119
91.72819074333802
87.06661991584852
72.09319775596073
