82.97861150070126
70.76075145788737
51.063132022471905
60.551685393258424
59.56959269662921
44.72801966292135
54.75435393258427
40.38609550561798
37.85912921348314
50.853370786516855
44.322823033707856
45.71500173711181
33.77212078651686
44.338623595505624
42.96952247191011
28.35426978685798
29.753164556962027
38.38101265822785
35.97060369324508
34.75840867992767
38.01871921182266
39.42322308233638
42.92828993666432
41.93560872624912
52.11907107670655
46.10492610837439
63.231667839549615
126.02513162720163
140.1335679099226
174.96170664380367
193.36432490936136
182.33734177215192
234.5866661024951
232.07153893806182
213.42983903295058
232.04438575080843
258.04240506329114
241.6020635316545
253.70530469717352
240.3451384744208
222.6437539610677
228.44222279489745
232.0892329345531
228.7214911141727
227.9953275316926
207.29969001199314
197.40375365493455
198.22528572319368
214.76687526167166
211.70951727701123
196.87025316455694
178.9829113924051
205.04683544303793
185.69246118351316
166.11234688703664
189.33260716795502
187.0442726633872
167.05583489161992
164.26068072082245
159.67616741809914
155.26036542515814
134.78468025298667
134.666307586931
120.58759885070765
128.91735769501054
118.7416249321722
117.82531645569621
114.45981230527143
138.1439698815202
115.26874849889253
120.36902781607763
127.20970627218304
126.27326046796075
122.92431460591176
147.22518836119093
162.5693391568891
144.23498644338125
198.6030415590168
202.6692847124825
187.80194097799307
190.19649614576034
219.78777582409376
191.74876043170627
223.55800210526107
228.90707569606798
165.81954552191579
183.79894810659187
194.35877286484094
165.89909337860783
134.7623729238946
139.19476179227874
132.42209640510814
119.79368863955119
89.22819074333802
93.56661991584852
66.09319775596073
