74.97861150070126
54.260751457887366
70.0631320224719
56.051685393258424
59.06959269662921
50.22801966292135
48.25435393258427
48.88609550561798
51.85912921348314
40.353370786516855
39.322823033707856
48.71500173711181
31.272120786516858
38.838623595505624
33.46952247191011
28.85426978685798
35.25316455696203
32.88101265822785
43.47060369324508
45.25840867992767
47.01871921182266
43.92322308233638
46.42828993666432
46.93560872624912
51.61907107670655
54.60492610837439
67.23166783954962
123.52513162720163
135.1335679099226
162.96170664380367
182.36432490936136
188.83734177215192
248.5866661024951
248.57153893806182
245.42983903295058
223.04438575080843
234.54240506329114
222.6020635316545
235.70530469717352
249.8451384744208
229.1437539610677
228.44222279489745
211.0892329345531
212.2214911141727
228.9953275316926
204.79969001199314
237.40375365493455
189.22528572319368
210.76687526167166
212.20951727701123
170.87025316455694
167.4829113924051
204.54683544303793
201.69246118351316
183.11234688703664
172.83260716795502
163.0442726633872
167.55583489161992
173.26068072082245
153.17616741809914
164.26036542515814
144.78468025298667
137.16630758693108
131.08759885070765
140.91735769501054
134.74162493217221
140.32531645569622
139.95981230527144
133.6439698815202
118.26874849889253
119.86902781607763
141.70970627218304
128.77326046796077
145.92431460591177
138.22518836119093
135.5693391568891
163.73498644338125
180.6030415590168
195.1692847124825
157.80194097799307
179.19649614576034
202.28777582409376
210.74876043170627
228.05800210526107
188.90707569606798
209.81954552191579
186.79894810659187
185.35877286484094
168.39909337860783
147.7623729238946
121.69476179227874
113.92209640510814
120.29368863955119
97.22819074333802
98.56661991584852
81.59319775596073
