63.97861150070126
64.76075145788737
56.563132022471905
48.551685393258424
51.56959269662921
52.22801966292135
56.25435393258427
50.38609550561798
49.35912921348314
51.353370786516855
33.322823033707856
49.21500173711181
36.27212078651686
41.338623595505624
38.46952247191011
37.354269786857984
30.753164556962027
31.381012658227853
40.47060369324508
46.25840867992767
44.51871921182266
37.92322308233638
44.42828993666432
44.93560872624912
49.11907107670655
54.60492610837439
62.231667839549615
124.02513162720163
152.6335679099226
146.96170664380367
186.36432490936136
200.33734177215192
206.5866661024951
227.07153893806182
229.42983903295058
227.04438575080843
235.54240506329114
217.1020635316545
215.70530469717352
217.8451384744208
217.1437539610677
235.94222279489745
204.5892329345531
228.7214911141727
183.4953275316926
190.29969001199314
213.40375365493455
212.72528572319368
198.76687526167166
192.70951727701123
213.87025316455694
198.4829113924051
171.54683544303793
187.69246118351316
184.61234688703664
200.33260716795502
196.0442726633872
165.05583489161992
169.26068072082245
148.67616741809914
156.26036542515814
165.28468025298667
146.66630758693134
122.08759885070765
124.91735769501052
120.2416249321722
119.82531645569621
115.45981230527143
134.6439698815202
122.76874849889253
134.86902781607762
133.20970627218304
140.27326046796077
131.42431460591177
150.22518836119093
160.0693391568891
161.73498644338125
182.6030415590168
181.6692847124825
188.80194097799307
204.19649614576034
218.28777582409376
220.24876043170627
240.05800210526107
188.90707569606798
202.81954552191579
196.79894810659187
169.35877286484094
149.89909337860783
151.7623729238946
122.69476179227874
124.92209640510814
97.79368863955119
82.72819074333802
76.56661991584852
85.59319775596073
