60.97861150070126
61.260751457887366
55.563132022471905
65.05168539325842
50.06959269662921
49.72801966292135
56.75435393258427
49.38609550561798
40.35912921348314
43.853370786516855
46.822823033707856
46.71500173711181
29.272120786516858
43.338623595505624
34.96952247191011
40.354269786857984
34.25316455696203
43.88101265822785
46.47060369324508
38.25840867992767
34.01871921182266
45.42322308233638
38.42828993666432
34.43560872624912
47.11907107670655
56.10492610837439
67.73166783954962
115.02513162720163
148.6335679099226
160.46170664380367
192.36432490936136
185.83734177215192
204.5866661024951
217.57153893806182
234.42983903295058
236.04438575080843
233.54240506329114
225.1020635316545
254.20530469717352
243.3451384744208
205.6437539610677
226.94222279489745
216.5892329345531
194.7214911141727
213.4953275316926
196.79969001199314
197.40375365493455
200.72528572319368
193.76687526167166
204.20951727701123
205.37025316455694
182.4829113924051
208.04683544303793
196.69246118351316
194.11234688703664
182.83260716795502
197.5442726633872
167.55583489161992
166.76068072082245
178.67616741809914
142.76036542515814
147.78468025298667
163.66630758693185
122.58759885070765
125.41735769501052
112.2416249321722
118.32531645569621
108.45981230527143
136.1439698815202
110.76874849889253
130.36902781607762
137.70970627218304
145.27326046796077
130.42431460591177
122.72518836119094
164.0693391568891
184.23498644338125
199.1030415590168
197.6692847124825
190.30194097799307
174.69649614576034
218.28777582409376
225.24876043170627
208.05800210526107
227.90707569606798
170.81954552191579
201.79894810659187
196.85877286484094
155.89909337860783
143.2623729238946
134.69476179227874
129.92209640510814
109.29368863955119
91.72819074333802
77.56661991584852
69.09319775596073
