60.97861150070126
62.260751457887366
54.563132022471905
59.051685393258424
57.56959269662921
58.22801966292135
54.25435393258427
48.88609550561798
38.85912921348314
48.353370786516855
44.822823033707856
47.21500173711181
29.772120786516858
30.838623595505624
35.46952247191011
41.354269786857984
37.25316455696203
44.38101265822785
44.47060369324508
37.25840867992767
42.01871921182266
37.92322308233638
50.42828993666432
35.43560872624912
46.11907107670655
49.60492610837439
71.23166783954962
137.02513162720163
153.1335679099226
159.46170664380367
163.86432490936136
204.33734177215192
199.5866661024951
221.07153893806182
243.42983903295058
251.54438575080843
227.04240506329114
257.6020635316545
257.7053046971735
232.3451384744208
200.1437539610677
242.44222279489745
205.5892329345531
216.7214911141727
199.4953275316926
216.79969001199314
227.40375365493455
233.22528572319368
215.26687526167166
184.70951727701123
168.37025316455694
186.4829113924051
197.04683544303793
163.69246118351316
174.11234688703664
167.33260716795502
186.5442726633872
196.55583489161992
170.26068072082245
149.17616741809914
158.26036542515814
170.28468025298667
153.66630758693157
130.58759885070765
124.91735769501052
129.74162493217221
128.32531645569622
127.95981230527143
119.64396988152022
131.76874849889253
138.86902781607762
138.20970627218304
145.77326046796077
138.92431460591177
142.22518836119093
133.0693391568891
182.23498644338125
158.6030415590168
179.6692847124825
164.80194097799307
190.69649614576034
199.28777582409376
185.74876043170627
194.55800210526107
214.40707569606798
186.31954552191579
169.79894810659187
157.85877286484094
161.39909337860783
133.7623729238946
115.69476179227874
107.42209640510814
98.29368863955119
104.72819074333802
86.06661991584852
71.59319775596073
