73.47861150070126
55.260751457887366
57.563132022471905
59.051685393258424
47.06959269662921
56.22801966292135
55.75435393258427
46.88609550561798
36.85912921348314
49.353370786516855
44.822823033707856
33.21500173711181
30.272120786516858
44.338623595505624
33.46952247191011
34.854269786857984
35.75316455696203
38.38101265822785
41.47060369324508
32.75840867992767
33.01871921182266
34.42322308233638
37.92828993666432
51.93560872624912
47.11907107670655
53.60492610837439
67.73166783954962
121.52513162720163
143.1335679099226
178.96170664380367
200.36432490936136
220.83734177215192
240.0866661024951
238.07153893806182
221.92983903295058
208.04438575080843
244.54240506329114
228.6020635316545
228.70530469717352
230.3451384744208
233.6437539610677
218.94222279489745
235.0892329345531
231.2214911141727
210.9953275316926
213.29969001199314
232.90375365493455
197.22528572319368
204.76687526167166
192.20951727701123
214.87025316455694
189.9829113924051
199.04683544303793
195.69246118351316
184.61234688703664
198.83260716795502
179.0442726633872
172.05583489161992
174.26068072082245
158.17616741809914
172.76036542515814
154.78468025298667
159.1663075869317
142.08759885070765
118.91735769501052
121.7416249321722
141.82531645569622
110.45981230527143
135.1439698815202
109.26874849889253
134.86902781607762
140.70970627218304
147.77326046796077
122.42431460591176
146.22518836119093
157.5693391568891
153.73498644338125
187.6030415590168
190.6692847124825
172.30194097799307
180.19649614576034
218.28777582409376
212.24876043170627
234.05800210526107
225.40707569606798
191.31954552191579
203.79894810659187
188.85877286484094
186.89909337860783
131.2623729238946
113.69476179227874
124.42209640510814
117.29368863955119
85.72819074333802
87.06661991584852
75.09319775596073
