65.97861150070126
65.26075145788737
61.063132022471905
58.051685393258424
63.56959269662921
58.72801966292135
45.75435393258427
53.38609550561798
39.85912921348314
40.853370786516855
47.822823033707856
34.71500173711181
43.77212078651686
41.838623595505624
36.46952247191011
39.354269786857984
45.25316455696203
36.88101265822785
30.97060369324508
35.75840867992767
33.51871921182266
49.92322308233638
33.92828993666432
51.93560872624912
42.11907107670655
51.10492610837439
64.23166783954962
139.52513162720163
144.6335679099226
151.46170664380367
189.36432490936136
190.83734177215192
211.0866661024951
211.07153893806182
252.92983903295058
221.04438575080843
204.54240506329114
233.1020635316545
225.20530469717352
253.3451384744208
218.6437539610677
218.94222279489745
217.5892329345531
185.7214911141727
221.9953275316926
188.79969001199314
190.90375365493455
196.72528572319368
218.76687526167166
180.70951727701123
212.87025316455694
175.9829113924051
205.54683544303793
172.19246118351316
174.11234688703664
197.33260716795502
164.5442726633872
169.05583489161992
187.76068072082245
156.67616741809914
167.26036542515814
172.78468025298667
161.6663075869318
122.08759885070765
138.91735769501054
132.74162493217221
114.82531645569621
121.95981230527143
136.1439698815202
140.26874849889253
115.86902781607763
114.20970627218304
144.27326046796077
138.42431460591177
138.22518836119093
144.0693391568891
161.73498644338125
178.6030415590168
198.6692847124825
175.80194097799307
188.19649614576034
201.28777582409376
210.74876043170627
237.05800210526107
190.90707569606798
166.31954552191579
171.79894810659187
179.85877286484094
165.89909337860783
135.2623729238946
140.19476179227874
127.92209640510814
107.79368863955119
92.72819074333802
82.06661991584852
68.59319775596073
