61.47861150070126
57.760751457887366
54.563132022471905
59.051685393258424
46.56959269662921
45.22801966292135
41.25435393258427
39.88609550561798
47.35912921348314
45.853370786516855
48.322823033707856
38.71500173711181
39.77212078651686
44.338623595505624
31.96952247191011
38.854269786857984
38.75316455696203
31.881012658227853
43.97060369324508
37.25840867992767
45.01871921182266
36.92322308233638
40.92828993666432
41.43560872624912
42.61907107670655
49.60492610837439
73.23166783954962
113.52513162720163
134.6335679099226
183.96170664380367
187.86432490936136
217.83734177215192
246.5866661024951
218.57153893806182
245.42983903295058
251.04438575080843
233.04240506329114
245.1020635316545
257.2053046971735
243.8451384744208
211.6437539610677
235.44222279489745
198.5892329345531
184.7214911141727
206.4953275316926
201.79969001199314
221.90375365493455
187.22528572319368
217.76687526167166
218.20951727701123
197.37025316455694
210.4829113924051
182.04683544303793
206.19246118351316
198.11234688703664
208.33260716795502
190.0442726633872
193.55583489161992
186.26068072082245
175.17616741809914
159.76036542515814
169.78468025298667
149.16630758693142
120.58759885070765
127.41735769501052
134.74162493217221
124.82531645569621
135.95981230527144
137.1439698815202
138.76874849889253
112.36902781607763
141.20970627218304
141.77326046796077
124.92431460591176
156.22518836119093
165.5693391568891
167.23498644338125
175.1030415590168
163.1692847124825
170.80194097799307
201.19649614576034
213.28777582409376
204.24876043170627
226.05800210526107
197.90707569606798
183.31954552191579
165.79894810659187
184.35877286484094
188.39909337860783
143.2623729238946
115.19476179227874
106.92209640510814
112.29368863955119
97.72819074333802
78.06661991584852
78.59319775596073
