71.47861150070126
59.260751457887366
66.0631320224719
47.551685393258424
44.56959269662921
42.72801966292135
56.75435393258427
51.88609550561798
48.85912921348314
41.853370786516855
46.322823033707856
37.71500173711181
31.772120786516858
40.338623595505624
43.96952247191011
37.854269786857984
44.75316455696203
32.38101265822785
45.97060369324508
39.75840867992767
39.51871921182266
44.92322308233638
33.92828993666432
45.93560872624912
41.11907107670655
52.60492610837439
82.73166783954962
132.02513162720163
161.1335679099226
184.46170664380367
165.86432490936136
196.33734177215192
222.0866661024951
210.57153893806182
248.42983903295058
222.54438575080843
215.04240506329114
210.1020635316545
247.70530469717352
216.3451384744208
240.1437539610677
199.44222279489745
199.5892329345531
208.7214911141727
206.9953275316926
219.79969001199314
207.40375365493455
233.72528572319368
206.76687526167166
174.20951727701123
192.37025316455694
195.9829113924051
170.04683544303793
190.69246118351316
169.61234688703664
169.83260716795502
172.0442726633872
188.55583489161992
177.76068072082245
176.17616741809914
163.76036542515814
134.78468025298667
143.16630758693125
142.08759885070765
140.41735769501054
116.2416249321722
115.32531645569621
120.95981230527143
112.14396988152022
109.76874849889253
110.86902781607763
109.70970627218304
123.27326046796075
122.92431460591176
132.72518836119093
163.5693391568891
179.73498644338125
166.6030415590168
166.6692847124825
169.30194097799307
205.19649614576034
197.78777582409376
198.74876043170627
206.05800210526107
225.90707569606798
183.81954552191579
175.29894810659187
176.35877286484094
171.89909337860783
138.2623729238946
145.19476179227874
129.42209640510814
107.29368863955119
110.22819074333802
90.06661991584852
75.09319775596073
