76.97861150070126
66.26075145788737
63.063132022471905
51.551685393258424
55.56959269662921
43.72801966292135
38.75435393258427
48.38609550561798
46.85912921348314
43.353370786516855
33.822823033707856
43.21500173711181
31.772120786516858
40.338623595505624
43.46952247191011
31.35426978685798
36.25316455696203
39.88101265822785
35.97060369324508
42.25840867992767
47.01871921182266
38.92322308233638
47.42828993666432
38.93560872624912
46.11907107670655
47.60492610837439
78.73166783954962
140.52513162720163
166.1335679099226
173.96170664380367
166.86432490936136
200.33734177215192
219.0866661024951
227.07153893806182
249.42983903295058
204.04438575080843
232.54240506329114
230.6020635316545
235.20530469717352
224.8451384744208
229.1437539610677
240.44222279489745
236.5892329345531
228.7214911141727
190.9953275316926
235.29969001199314
215.40375365493455
215.72528572319368
219.26687526167166
211.20951727701123
211.87025316455694
179.9829113924051
182.54683544303793
169.19246118351316
183.11234688703664
195.33260716795502
194.5442726633872
198.05583489161992
168.76068072082245
167.17616741809914
175.76036542515814
143.78468025298667
164.16630758693185
127.08759885070765
138.91735769501054
116.7416249321722
115.32531645569621
133.95981230527144
140.6439698815202
121.76874849889253
113.86902781607763
120.70970627218304
128.27326046796077
133.92431460591177
126.72518836119094
145.5693391568891
172.23498644338125
170.6030415590168
182.6692847124825
183.80194097799307
211.19649614576034
217.78777582409376
216.24876043170627
239.55800210526107
195.40707569606798
197.31954552191579
188.79894810659187
185.85877286484094
167.89909337860783
133.2623729238946
147.19476179227874
132.92209640510814
96.29368863955119
96.72819074333802
76.06661991584852
88.59319775596073
