63.97861150070126
71.76075145788737
63.563132022471905
46.551685393258424
54.06959269662921
41.72801966292135
43.75435393258427
38.38609550561798
39.85912921348314
48.353370786516855
37.322823033707856
33.21500173711181
45.77212078651686
37.838623595505624
33.96952247191011
38.354269786857984
38.25316455696203
29.881012658227853
36.97060369324508
40.25840867992767
46.01871921182266
34.92322308233638
47.92828993666432
47.93560872624912
42.11907107670655
47.60492610837439
62.731667839549615
134.52513162720163
140.1335679099226
172.46170664380367
166.86432490936136
213.33734177215192
200.5866661024951
227.07153893806182
247.92983903295058
250.04438575080843
220.54240506329114
224.1020635316545
248.20530469717352
208.3451384744208
224.1437539610677
231.94222279489745
200.0892329345531
217.7214911141727
229.4953275316926
189.29969001199314
186.90375365493455
230.22528572319368
228.76687526167166
191.70951727701123
188.87025316455694
178.4829113924051
167.54683544303793
186.19246118351316
207.61234688703664
180.33260716795502
184.0442726633872
182.55583489161992
178.76068072082245
155.17616741809914
183.76036542515814
166.28468025298667
163.16630758693182
147.58759885070765
152.91735769501054
143.74162493217221
139.32531645569622
134.45981230527144
133.6439698815202
122.26874849889253
135.86902781607762
131.70970627218304
120.27326046796075
114.42431460591176
124.72518836119094
149.0693391568891
177.23498644338125
157.6030415590168
195.1692847124825
162.80194097799307
185.69649614576034
207.78777582409376
193.74876043170627
235.05800210526107
184.90707569606798
181.81954552191579
178.79894810659187
196.85877286484094
177.89909337860783
146.7623729238946
125.69476179227874
122.92209640510814
118.29368863955119
100.22819074333802
92.06661991584852
68.59319775596073
