61.47861150070126
65.76075145788737
51.563132022471905
50.051685393258424
49.56959269662921
57.72801966292135
51.75435393258427
51.38609550561798
51.35912921348314
36.353370786516855
44.322823033707856
33.71500173711181
31.772120786516858
44.338623595505624
30.46952247191011
44.354269786857984
46.25316455696203
31.381012658227853
39.47060369324508
43.75840867992767
41.01871921182266
37.92322308233638
40.42828993666432
34.93560872624912
42.61907107670655
51.10492610837439
81.73166783954962
118.02513162720163
153.1335679099226
182.46170664380367
163.86432490936136
201.83734177215192
203.5866661024951
242.07153893806182
204.42983903295058
255.04438575080843
248.54240506329114
239.1020635316545
235.70530469717352
220.8451384744208
236.1437539610677
201.94222279489745
206.0892329345531
231.7214911141727
213.9953275316926
198.29969001199314
228.90375365493455
224.72528572319368
217.76687526167166
176.70951727701123
178.87025316455694
168.4829113924051
176.04683544303793
173.19246118351316
191.11234688703664
193.83260716795502
195.5442726633872
198.05583489161992
182.76068072082245
161.17616741809914
167.26036542515814
156.78468025298667
129.16630758693086
130.58759885070765
127.91735769501052
119.7416249321722
111.82531645569621
128.45981230527144
132.1439698815202
128.26874849889253
107.86902781607763
117.70970627218304
142.77326046796077
133.42431460591177
144.22518836119093
138.5693391568891
150.73498644338125
183.1030415590168
168.6692847124825
193.30194097799307
206.69649614576034
208.28777582409376
200.74876043170627
195.55800210526107
200.40707569606798
178.31954552191579
166.79894810659187
170.35877286484094
165.89909337860783
164.7623729238946
138.69476179227874
124.42209640510814
111.29368863955119
101.22819074333802
96.06661991584852
88.09319775596073
