66.47861150070126
67.26075145788737
60.063132022471905
59.051685393258424
49.56959269662921
43.22801966292135
51.75435393258427
51.88609550561798
40.35912921348314
42.353370786516855
37.822823033707856
40.71500173711181
36.77212078651686
33.338623595505624
35.46952247191011
35.854269786857984
41.25316455696203
44.88101265822785
31.97060369324508
43.25840867992767
40.01871921182266
45.92322308233638
42.42828993666432
34.93560872624912
45.61907107670655
60.10492610837439
73.23166783954962
128.52513162720163
164.6335679099226
184.96170664380367
185.36432490936136
185.33734177215192
205.5866661024951
218.57153893806182
230.92983903295058
246.54438575080843
251.04240506329114
210.1020635316545
257.2053046971735
218.3451384744208
214.1437539610677
201.44222279489745
204.5892329345531
186.7214911141727
221.9953275316926
188.79969001199314
207.90375365493455
213.22528572319368
215.76687526167166
198.20951727701123
179.87025316455694
181.4829113924051
175.04683544303793
189.69246118351316
176.61234688703664
166.83260716795502
166.0442726633872
154.55583489161992
174.26068072082245
177.67616741809914
184.26036542515814
135.78468025298667
161.16630758693177
152.08759885070765
127.41735769501052
130.74162493217221
124.32531645569621
139.95981230527144
128.6439698815202
129.76874849889253
121.36902781607763
130.70970627218304
147.77326046796077
120.92431460591176
150.72518836119093
132.5693391568891
148.73498644338125
195.6030415590168
181.6692847124825
183.80194097799307
204.69649614576034
193.78777582409376
192.74876043170627
225.55800210526107
224.90707569606798
182.81954552191579
169.79894810659187
162.35877286484094
155.89909337860783
155.2623729238946
148.19476179227874
130.42209640510814
117.29368863955119
82.22819074333802
79.06661991584852
80.09319775596073
