79.47861150070126
55.760751457887366
54.563132022471905
57.051685393258424
49.06959269662921
50.22801966292135
48.25435393258427
37.88609550561798
41.85912921348314
43.853370786516855
43.322823033707856
44.21500173711181
40.77212078651686
42.838623595505624
40.96952247191011
32.854269786857984
34.75316455696203
41.88101265822785
34.47060369324508
32.25840867992767
42.51871921182266
40.42322308233638
47.92828993666432
42.43560872624912
42.11907107670655
47.60492610837439
65.23166783954962
131.52513162720163
171.6335679099226
169.46170664380367
207.36432490936136
225.33734177215192
233.5866661024951
255.57153893806182
206.92983903295058
224.04438575080843
254.04240506329114
213.1020635316545
249.70530469717352
238.8451384744208
216.6437539610677
231.94222279489745
200.0892329345531
225.2214911141727
189.9953275316926
199.79969001199314
205.40375365493455
218.72528572319368
188.76687526167166
186.20951727701123
215.37025316455694
186.4829113924051
168.54683544303793
177.19246118351316
186.61234688703664
181.83260716795502
179.0442726633872
174.05583489161992
189.76068072082245
182.17616741809914
145.26036542515814
171.28468025298667
130.16630758693088
146.08759885070765
129.91735769501054
114.2416249321722
113.32531645569621
120.45981230527143
127.14396988152022
128.76874849889253
138.86902781607762
132.70970627218304
149.27326046796077
142.42431460591177
142.72518836119093
159.0693391568891
159.23498644338125
164.6030415590168
196.1692847124825
179.30194097799307
177.19649614576034
208.28777582409376
229.24876043170627
190.05800210526107
210.40707569606798
177.31954552191579
203.79894810659187
155.85877286484094
179.39909337860783
134.2623729238946
141.69476179227874
104.42209640510814
101.29368863955119
85.22819074333802
85.56661991584852
70.59319775596073
