61.47861150070126
63.260751457887366
57.563132022471905
58.551685393258424
57.06959269662921
53.22801966292135
44.75435393258427
47.88609550561798
40.85912921348314
44.853370786516855
39.322823033707856
35.71500173711181
30.272120786516858
28.838623595505624
33.46952247191011
36.354269786857984
41.25316455696203
36.38101265822785
30.97060369324508
35.25840867992767
37.01871921182266
37.92322308233638
38.92828993666432
40.43560872624912
49.11907107670655
59.10492610837439
65.73166783954962
137.02513162720163
159.6335679099226
149.46170664380367
196.86432490936136
204.83734177215192
233.5866661024951
234.07153893806182
220.92983903295058
225.04438575080843
233.04240506329114
252.6020635316545
248.70530469717352
240.3451384744208
207.1437539610677
217.94222279489745
199.5892329345531
214.2214911141727
217.9953275316926
212.79969001199314
226.40375365493455
226.72528572319368
206.26687526167166
191.70951727701123
180.87025316455694
182.9829113924051
193.04683544303793
196.19246118351316
171.11234688703664
193.83260716795502
191.5442726633872
193.05583489161992
161.26068072082245
157.17616741809914
166.76036542515814
143.78468025298667
154.16630758693157
149.08759885070765
135.91735769501054
125.2416249321722
118.82531645569621
134.95981230527144
114.14396988152022
122.26874849889253
129.86902781607762
122.70970627218304
133.77326046796077
126.92431460591176
144.22518836119093
157.0693391568891
166.73498644338125
197.1030415590168
187.6692847124825
179.80194097799307
203.69649614576034
212.28777582409376
191.24876043170627
219.05800210526107
214.40707569606798
173.81954552191579
168.29894810659187
188.35877286484094
173.39909337860783
159.2623729238946
122.69476179227874
131.92209640510814
98.79368863955119
100.72819074333802
95.56661991584852
79.09319775596073
