70.47861150070126
68.26075145788737
58.563132022471905
64.55168539325842
59.06959269662921
49.22801966292135
52.25435393258427
46.88609550561798
50.35912921348314
50.353370786516855
43.322823033707856
44.71500173711181
43.77212078651686
34.838623595505624
37.46952247191011
38.854269786857984
40.25316455696203
31.881012658227853
34.47060369324508
33.75840867992767
44.51871921182266
50.92322308233638
50.42828993666432
35.43560872624912
43.61907107670655
54.10492610837439
64.73166783954962
134.52513162720163
135.6335679099226
158.46170664380367
197.36432490936136
193.83734177215192
228.5866661024951
231.57153893806182
235.42983903295058
227.54438575080843
222.54240506329114
233.1020635316545
229.70530469717352
207.8451384744208
251.1437539610677
233.44222279489745
223.0892329345531
185.7214911141727
194.9953275316926
208.79969001199314
192.90375365493455
221.22528572319368
194.76687526167166
179.70951727701123
174.37025316455694
184.9829113924051
181.04683544303793
169.69246118351316
188.61234688703664
201.33260716795502
208.0442726633872
197.05583489161992
184.26068072082245
154.67616741809914
145.76036542515814
148.78468025298667
140.66630758693117
150.58759885070765
125.41735769501052
132.24162493217221
140.82531645569622
139.45981230527144
132.6439698815202
121.76874849889253
122.86902781607763
113.70970627218304
145.77326046796077
126.92431460591176
127.22518836119094
134.5693391568891
162.73498644338125
159.1030415590168
179.1692847124825
171.80194097799307
205.19649614576034
214.28777582409376
227.74876043170627
212.05800210526107
199.40707569606798
210.81954552191579
166.29894810659187
192.85877286484094
160.39909337860783
140.7623729238946
137.19476179227874
102.42209640510814
104.79368863955119
103.22819074333802
91.06661991584852
80.09319775596073
