61.47861150070126
59.760751457887366
57.063132022471905
61.551685393258424
54.56959269662921
57.72801966292135
42.75435393258427
46.88609550561798
44.35912921348314
43.353370786516855
36.822823033707856
33.71500173711181
37.27212078651686
40.338623595505624
38.96952247191011
40.354269786857984
31.253164556962027
41.88101265822785
45.47060369324508
41.75840867992767
44.01871921182266
36.92322308233638
47.92828993666432
34.93560872624912
36.11907107670655
46.10492610837439
62.731667839549615
136.02513162720163
157.6335679099226
149.96170664380367
166.86432490936136
211.33734177215192
233.0866661024951
222.07153893806182
211.92983903295058
218.04438575080843
233.04240506329114
236.1020635316545
242.20530469717352
219.3451384744208
247.6437539610677
243.44222279489745
236.5892329345531
233.7214911141727
210.4953275316926
228.29969001199314
229.90375365493455
222.22528572319368
196.76687526167166
185.20951727701123
208.37025316455694
176.9829113924051
183.04683544303793
203.19246118351316
188.11234688703664
187.33260716795502
182.0442726633872
161.05583489161992
149.26068072082245
148.67616741809914
162.76036542515814
173.28468025298667
151.16630758693148
129.58759885070765
130.41735769501054
141.24162493217221
134.32531645569622
127.95981230527143
125.64396988152022
130.76874849889253
117.86902781607763
134.20970627218304
128.77326046796077
135.92431460591177
151.22518836119093
157.0693391568891
175.73498644338125
167.6030415590168
180.6692847124825
158.80194097799307
186.19649614576034
197.78777582409376
222.24876043170627
220.05800210526107
203.40707569606798
187.81954552191579
182.79894810659187
180.35877286484094
162.89909337860783
131.7623729238946
126.19476179227874
123.92209640510814
121.29368863955119
104.72819074333802
79.06661991584852
81.09319775596073
