69.47861150070126
59.760751457887366
52.063132022471905
58.051685393258424
46.06959269662921
44.72801966292135
45.25435393258427
51.38609550561798
46.85912921348314
44.853370786516855
44.322823033707856
33.21500173711181
45.27212078651686
38.838623595505624
28.46952247191011
37.854269786857984
40.25316455696203
34.88101265822785
34.47060369324508
36.25840867992767
37.51871921182266
36.92322308233638
51.42828993666432
42.93560872624912
41.61907107670655
55.60492610837439
83.23166783954962
114.52513162720163
158.6335679099226
173.96170664380367
173.86432490936136
207.83734177215192
226.0866661024951
216.07153893806182
216.42983903295058
250.54438575080843
211.54240506329114
206.6020635316545
224.70530469717352
203.8451384744208
217.1437539610677
222.94222279489745
200.5892329345531
229.7214911141727
208.9953275316926
202.29969001199314
231.90375365493455
230.72528572319368
222.76687526167166
196.20951727701123
206.87025316455694
202.4829113924051
207.54683544303793
194.69246118351316
168.61234688703664
195.83260716795502
168.0442726633872
187.55583489161992
185.76068072082245
151.17616741809914
144.76036542515814
153.28468025298667
145.1663075869313
155.58759885070765
143.41735769501054
137.24162493217221
112.82531645569621
112.95981230527143
114.64396988152022
126.76874849889253
127.86902781607763
130.20970627218304
141.27326046796077
119.42431460591176
128.72518836119093
170.5693391568891
185.23498644338125
160.6030415590168
195.1692847124825
196.30194097799307
174.19649614576034
203.78777582409376
216.74876043170627
238.55800210526107
181.90707569606798
166.31954552191579
170.79894810659187
190.85877286484094
188.39909337860783
164.2623729238946
143.19476179227874
126.92209640510814
121.79368863955119
90.22819074333802
90.06661991584852
86.09319775596073
