64.97861150070126
74.26075145788737
70.0631320224719
64.55168539325842
62.56959269662921
57.22801966292135
49.75435393258427
41.88609550561798
45.35912921348314
51.853370786516855
38.322823033707856
41.21500173711181
43.27212078651686
30.838623595505624
29.46952247191011
42.854269786857984
32.75316455696203
44.38101265822785
40.97060369324508
44.75840867992767
46.01871921182266
42.42322308233638
38.42828993666432
40.43560872624912
39.61907107670655
49.60492610837439
61.231667839549615
142.52513162720163
136.6335679099226
188.46170664380367
206.86432490936136
230.33734177215192
233.0866661024951
214.57153893806182
230.92983903295058
212.54438575080843
209.54240506329114
242.6020635316545
233.70530469717352
225.8451384744208
250.6437539610677
196.94222279489745
188.5892329345531
207.7214911141727
209.9953275316926
206.29969001199314
205.90375365493455
197.72528572319368
220.26687526167166
176.20951727701123
188.37025316455694
182.4829113924051
198.54683544303793
168.69246118351316
184.61234688703664
165.83260716795502
173.0442726633872
171.05583489161992
149.26068072082245
169.17616741809914
176.26036542515814
161.28468025298667
134.166307586931
127.58759885070765
138.41735769501054
133.74162493217221
130.32531645569622
119.45981230527143
116.64396988152022
114.26874849889253
133.36902781607762
124.20970627218304
121.27326046796075
130.92431460591177
152.22518836119093
171.0693391568891
170.73498644338125
164.1030415590168
171.6692847124825
190.80194097799307
191.69649614576034
175.78777582409376
201.24876043170627
192.55800210526107
186.40707569606798
171.31954552191579
174.79894810659187
188.35877286484094
180.89909337860783
140.7623729238946
136.19476179227874
124.42209640510814
114.29368863955119
89.72819074333802
93.06661991584852
83.09319775596073
