66.97861150070126
72.76075145788737
65.0631320224719
61.551685393258424
48.06959269662921
54.72801966292135
49.75435393258427
45.38609550561798
48.35912921348314
47.853370786516855
42.322823033707856
44.71500173711181
31.772120786516858
42.338623595505624
33.96952247191011
33.354269786857984
37.25316455696203
38.38101265822785
37.97060369324508
40.25840867992767
42.01871921182266
36.42322308233638
40.92828993666432
40.43560872624912
38.11907107670655
53.10492610837439
80.73166783954962
121.52513162720163
143.6335679099226
181.46170664380367
164.86432490936136
207.33734177215192
245.0866661024951
262.07153893806185
234.42983903295058
253.54438575080843
250.04240506329114
242.6020635316545
236.20530469717352
251.3451384744208
244.6437539610677
198.94222279489745
220.0892329345531
189.2214911141727
190.4953275316926
214.29969001199314
219.40375365493455
198.22528572319368
212.76687526167166
219.70951727701123
171.87025316455694
196.4829113924051
164.04683544303793
191.69246118351316
177.11234688703664
182.33260716795502
189.0442726633872
168.55583489161992
151.26068072082245
183.17616741809914
152.26036542515814
168.28468025298667
153.66630758693157
151.08759885070765
131.91735769501054
117.7416249321722
129.82531645569622
138.95981230527144
141.1439698815202
119.26874849889253
106.86902781607763
123.70970627218304
141.77326046796077
145.42431460591177
130.22518836119093
159.5693391568891
156.23498644338125
179.1030415590168
179.1692847124825
157.80194097799307
195.19649614576034
180.78777582409376
190.24876043170627
217.55800210526107
223.90707569606798
167.31954552191579
195.29894810659187
168.85877286484094
158.89909337860783
132.7623729238946
115.19476179227874
109.42209640510814
108.79368863955119
105.72819074333802
73.56661991584852
67.59319775596073
