81.47861150070126
65.26075145788737
50.063132022471905
49.051685393258424
51.56959269662921
57.72801966292135
50.25435393258427
43.88609550561798
49.85912921348314
38.853370786516855
44.322823033707856
46.71500173711181
29.272120786516858
42.338623595505624
43.46952247191011
32.854269786857984
32.75316455696203
37.88101265822785
33.97060369324508
43.75840867992767
34.01871921182266
33.92322308233638
39.42828993666432
50.43560872624912
46.61907107670655
55.10492610837439
69.23166783954962
132.52513162720163
135.1335679099226
161.96170664380367
199.36432490936136
229.33734177215192
237.0866661024951
245.57153893806182
230.92983903295058
229.54438575080843
244.04240506329114
253.1020635316545
244.20530469717352
238.8451384744208
228.6437539610677
243.94222279489745
189.0892329345531
209.2214911141727
227.9953275316926
191.79969001199314
232.40375365493455
218.72528572319368
211.76687526167166
200.70951727701123
169.37025316455694
176.9829113924051
198.54683544303793
178.69246118351316
195.11234688703664
165.33260716795502
189.0442726633872
160.55583489161992
163.76068072082245
174.67616741809914
181.26036542515814
134.28468025298667
149.66630758693145
136.58759885070765
123.41735769501052
116.7416249321722
139.82531645569622
119.45981230527143
115.14396988152022
128.26874849889253
124.86902781607763
143.20970627218304
120.77326046796075
124.42431460591176
135.72518836119093
159.0693391568891
149.73498644338125
192.6030415590168
190.1692847124825
179.80194097799307
171.69649614576034
175.78777582409376
215.24876043170627
206.55800210526107
220.90707569606798
207.81954552191579
177.29894810659187
187.85877286484094
160.89909337860783
139.2623729238946
117.69476179227874
130.92209640510814
113.79368863955119
106.72819074333802
73.56661991584852
78.59319775596073
