63.97861150070126
65.26075145788737
69.0631320224719
61.551685393258424
53.56959269662921
54.22801966292135
56.75435393258427
49.88609550561798
52.85912921348314
41.853370786516855
46.322823033707856
41.71500173711181
40.27212078651686
34.338623595505624
38.46952247191011
31.35426978685798
45.25316455696203
36.88101265822785
38.97060369324508
32.25840867992767
34.01871921182266
37.92322308233638
34.92828993666432
38.43560872624912
41.61907107670655
56.10492610837439
62.231667839549615
120.02513162720163
159.1335679099226
185.46170664380367
191.86432490936136
189.33734177215192
216.5866661024951
242.07153893806182
215.42983903295058
253.04438575080843
243.54240506329114
253.1020635316545
243.70530469717352
210.8451384744208
227.6437539610677
197.44222279489745
217.0892329345531
232.2214911141727
217.9953275316926
198.29969001199314
186.90375365493455
230.72528572319368
218.76687526167166
212.20951727701123
170.37025316455694
199.9829113924051
189.04683544303793
179.69246118351316
206.11234688703664
187.33260716795502
181.5442726633872
183.05583489161992
157.76068072082245
161.67616741809914
166.76036542515814
136.28468025298667
158.16630758693168
129.08759885070765
130.91735769501054
128.74162493217221
120.32531645569621
122.95981230527143
136.1439698815202
109.76874849889253
135.36902781607762
123.70970627218304
118.77326046796075
124.92431460591176
153.72518836119093
159.0693391568891
184.73498644338125
198.1030415590168
177.6692847124825
158.30194097799307
203.19649614576034
185.78777582409376
182.74876043170627
222.55800210526107
187.90707569606798
180.81954552191579
198.79894810659187
167.85877286484094
155.89909337860783
144.2623729238946
118.69476179227874
127.42209640510814
98.79368863955119
110.22819074333802
92.56661991584852
71.09319775596073
