73.97861150070126
68.26075145788737
62.063132022471905
54.051685393258424
56.56959269662921
55.72801966292135
54.25435393258427
37.38609550561798
36.85912921348314
45.853370786516855
41.322823033707856
45.71500173711181
45.27212078651686
43.838623595505624
34.96952247191011
35.854269786857984
46.25316455696203
37.88101265822785
38.97060369324508
42.25840867992767
42.01871921182266
45.42322308233638
40.42828993666432
39.43560872624912
46.11907107670655
53.60492610837439
61.231667839549615
128.52513162720163
154.6335679099226
158.46170664380367
165.36432490936136
198.33734177215192
238.5866661024951
254.07153893806182
242.92983903295058
209.04438575080843
233.54240506329114
231.1020635316545
227.70530469717352
236.8451384744208
241.1437539610677
220.44222279489745
223.0892329345531
185.2214911141727
218.9953275316926
226.79969001199314
187.40375365493455
216.22528572319368
205.26687526167166
192.20951727701123
200.87025316455694
199.4829113924051
202.04683544303793
189.19246118351316
206.11234688703664
166.83260716795502
194.0442726633872
179.55583489161992
168.76068072082245
153.17616741809914
167.26036542515814
143.78468025298667
136.66630758693105
143.08759885070765
149.91735769501054
142.24162493217221
115.82531645569621
118.95981230527143
137.1439698815202
127.76874849889253
128.86902781607762
111.70970627218304
115.77326046796075
145.92431460591177
125.72518836119094
143.5693391568891
174.23498644338125
174.1030415590168
201.1692847124825
158.30194097799307
197.19649614576034
176.78777582409376
194.24876043170627
205.55800210526107
215.40707569606798
172.31954552191579
194.79894810659187
166.35877286484094
168.39909337860783
162.2623729238946
119.19476179227874
132.92209640510814
106.29368863955119
95.22819074333802
73.06661991584852
72.09319775596073
