74.97861150070126
57.260751457887366
69.0631320224719
65.55168539325842
53.06959269662921
51.22801966292135
46.25435393258427
41.38609550561798
39.35912921348314
42.853370786516855
49.822823033707856
46.21500173711181
44.27212078651686
33.838623595505624
38.96952247191011
33.354269786857984
30.253164556962027
32.38101265822785
32.97060369324508
33.75840867992767
41.51871921182266
47.42322308233638
46.42828993666432
45.93560872624912
53.11907107670655
55.10492610837439
69.73166783954962
129.52513162720163
149.6335679099226
174.96170664380367
200.86432490936136
185.83734177215192
236.5866661024951
212.07153893806182
205.42983903295058
207.04438575080843
255.54240506329114
240.1020635316545
234.70530469717352
234.8451384744208
239.6437539610677
213.94222279489745
207.5892329345531
220.7214911141727
216.4953275316926
202.79969001199314
189.40375365493455
208.72528572319368
214.26687526167166
209.20951727701123
182.87025316455694
167.4829113924051
195.04683544303793
200.69246118351316
174.61234688703664
205.83260716795502
187.0442726633872
158.55583489161992
166.76068072082245
155.17616741809914
163.26036542515814
156.78468025298667
137.6663075869311
124.58759885070765
144.91735769501054
128.24162493217221
114.32531645569621
130.95981230527144
125.64396988152022
122.76874849889253
117.36902781607763
115.70970627218304
144.77326046796077
144.92431460591177
137.22518836119093
142.5693391568891
169.73498644338125
180.6030415590168
200.6692847124825
175.80194097799307
184.19649614576034
191.78777582409376
227.74876043170627
198.55800210526107
182.90707569606798
200.81954552191579
164.29894810659187
174.35877286484094
174.89909337860783
142.2623729238946
140.69476179227874
123.92209640510814
105.29368863955119
98.22819074333802
76.56661991584852
76.59319775596073
