75.97861150070126
63.260751457887366
65.5631320224719
60.051685393258424
55.56959269662921
55.72801966292135
53.25435393258427
52.38609550561798
51.35912921348314
37.353370786516855
49.322823033707856
44.21500173711181
30.272120786516858
35.338623595505624
42.46952247191011
28.35426978685798
46.25316455696203
39.88101265822785
39.97060369324508
39.25840867992767
34.51871921182266
47.42322308233638
45.92828993666432
37.93560872624912
51.11907107670655
48.10492610837439
75.73166783954962
139.02513162720163
135.6335679099226
176.46170664380367
195.86432490936136
202.33734177215192
250.0866661024951
232.07153893806182
215.92983903295058
247.04438575080843
222.04240506329114
220.6020635316545
232.20530469717352
228.8451384744208
227.1437539610677
194.94222279489745
209.5892329345531
188.2214911141727
216.4953275316926
209.79969001199314
197.90375365493455
200.72528572319368
222.26687526167166
196.70951727701123
215.37025316455694
207.9829113924051
177.54683544303793
175.69246118351316
194.11234688703664
203.83260716795502
208.0442726633872
179.05583489161992
168.76068072082245
164.67616741809914
146.26036542515814
160.78468025298667
132.16630758693094
131.58759885070765
131.91735769501054
145.24162493217221
120.82531645569621
129.45981230527144
139.6439698815202
130.26874849889253
115.86902781607763
140.70970627218304
137.27326046796077
141.92431460591177
120.72518836119094
139.5693391568891
147.23498644338125
190.1030415590168
187.6692847124825
182.30194097799307
211.19649614576034
214.78777582409376
218.74876043170627
229.55800210526107
189.90707569606798
205.81954552191579
180.29894810659187
172.35877286484094
170.39909337860783
155.2623729238946
128.69476179227874
132.92209640510814
113.79368863955119
87.22819074333802
83.56661991584852
74.59319775596073
