77.97861150070126
54.760751457887366
56.563132022471905
56.051685393258424
58.56959269662921
42.22801966292135
56.75435393258427
47.88609550561798
46.85912921348314
37.853370786516855
42.322823033707856
41.71500173711181
42.77212078651686
42.338623595505624
35.46952247191011
39.854269786857984
39.75316455696203
40.88101265822785
36.97060369324508
47.75840867992767
49.01871921182266
46.92322308233638
36.92828993666432
48.93560872624912
44.61907107670655
44.60492610837439
81.23166783954962
112.02513162720163
135.1335679099226
186.96170664380367
164.36432490936136
220.33734177215192
231.5866661024951
211.07153893806182
216.42983903295058
250.04438575080843
208.04240506329114
230.1020635316545
242.70530469717352
210.3451384744208
205.6437539610677
219.94222279489745
219.0892329345531
228.2214911141727
199.9953275316926
231.29969001199314
221.90375365493455
218.22528572319368
225.26687526167166
206.20951727701123
196.87025316455694
172.9829113924051
200.04683544303793
202.69246118351316
177.61234688703664
182.33260716795502
182.5442726633872
167.55583489161992
164.26068072082245
186.67616741809914
173.26036542515814
159.78468025298667
162.6663075869318
120.58759885070765
128.91735769501054
116.7416249321722
140.82531645569622
140.45981230527144
118.14396988152022
132.26874849889253
112.86902781607763
143.20970627218304
116.77326046796075
123.42431460591176
144.22518836119093
166.0693391568891
184.73498644338125
163.6030415590168
177.1692847124825
178.80194097799307
185.19649614576034
215.78777582409376
202.24876043170627
228.05800210526107
206.40707569606798
173.31954552191579
161.29894810659187
193.35877286484094
155.89909337860783
143.7623729238946
128.69476179227874
120.92209640510814
103.79368863955119
101.22819074333802
81.06661991584852
85.59319775596073
