71.97861150070126
53.760751457887366
52.563132022471905
48.551685393258424
45.56959269662921
54.22801966292135
48.75435393258427
37.88609550561798
37.35912921348314
45.353370786516855
36.322823033707856
48.21500173711181
45.77212078651686
41.338623595505624
27.96952247191011
42.354269786857984
37.25316455696203
37.38101265822785
34.97060369324508
35.25840867992767
32.01871921182266
42.92322308233638
43.42828993666432
35.93560872624912
50.11907107670655
52.60492610837439
74.23166783954962
111.02513162720163
140.1335679099226
148.46170664380367
201.86432490936136
211.33734177215192
227.0866661024951
213.57153893806182
250.42983903295058
213.04438575080843
220.54240506329114
220.6020635316545
252.70530469717352
213.3451384744208
227.6437539610677
243.44222279489745
195.5892329345531
222.2214911141727
211.9953275316926
188.29969001199314
227.90375365493455
196.22528572319368
186.26687526167166
183.20951727701123
206.37025316455694
176.9829113924051
186.04683544303793
187.69246118351316
191.11234688703664
176.83260716795502
178.0442726633872
177.05583489161992
178.76068072082245
151.67616741809914
149.76036542515814
156.78468025298667
145.66630758693134
131.58759885070765
127.41735769501052
125.7416249321722
120.32531645569621
138.45981230527144
120.14396988152022
111.76874849889253
109.36902781607763
137.70970627218304
144.27326046796077
114.42431460591176
124.22518836119094
156.5693391568891
158.73498644338125
169.1030415590168
180.1692847124825
171.30194097799307
206.69649614576034
216.78777582409376
206.24876043170627
240.55800210526107
196.40707569606798
173.81954552191579
180.29894810659187
168.35877286484094
177.39909337860783
142.7623729238946
139.69476179227874
112.42209640510814
103.79368863955119
91.72819074333802
83.06661991584852
83.09319775596073
