80.97861150070126
58.260751457887366
51.563132022471905
48.051685393258424
59.56959269662921
59.22801966292135
40.75435393258427
54.88609550561798
37.35912921348314
46.853370786516855
35.322823033707856
43.21500173711181
30.772120786516858
43.838623595505624
38.96952247191011
41.354269786857984
29.753164556962027
42.88101265822785
34.97060369324508
41.25840867992767
46.51871921182266
47.92322308233638
48.42828993666432
41.93560872624912
49.11907107670655
52.60492610837439
73.73166783954962
112.52513162720163
149.1335679099226
187.46170664380367
179.36432490936136
226.83734177215192
210.0866661024951
245.07153893806182
244.92983903295058
234.04438575080843
227.04240506329114
236.1020635316545
236.20530469717352
248.8451384744208
201.1437539610677
194.94222279489745
205.0892329345531
201.2214911141727
189.4953275316926
221.79969001199314
192.90375365493455
234.72528572319368
180.26687526167166
179.20951727701123
184.37025316455694
194.4829113924051
183.04683544303793
169.19246118351316
174.11234688703664
168.33260716795502
195.5442726633872
187.05583489161992
169.76068072082245
158.67616741809914
166.26036542515814
156.78468025298667
143.66630758693128
140.58759885070765
133.91735769501054
136.24162493217221
141.82531645569622
111.45981230527143
133.6439698815202
131.26874849889253
136.86902781607762
137.70970627218304
130.27326046796077
133.42431460591177
120.72518836119094
170.0693391568891
159.23498644338125
190.1030415590168
200.1692847124825
187.80194097799307
209.19649614576034
198.78777582409376
209.24876043170627
234.05800210526107
210.90707569606798
210.81954552191579
183.79894810659187
173.35877286484094
186.39909337860783
145.7623729238946
141.19476179227874
132.92209640510814
103.29368863955119
84.72819074333802
83.06661991584852
71.09319775596073
