62.47861150070126
73.26075145788737
53.563132022471905
61.551685393258424
50.56959269662921
52.72801966292135
46.25435393258427
41.88609550561798
43.35912921348314
44.853370786516855
35.822823033707856
45.71500173711181
42.77212078651686
29.338623595505624
29.46952247191011
38.354269786857984
34.75316455696203
44.38101265822785
43.47060369324508
37.75840867992767
38.01871921182266
34.42322308233638
45.92828993666432
47.93560872624912
49.61907107670655
56.10492610837439
62.231667839549615
123.52513162720163
166.1335679099226
162.96170664380367
176.36432490936136
218.83734177215192
251.0866661024951
208.07153893806182
234.92983903295058
224.54438575080843
249.04240506329114
235.1020635316545
247.20530469717352
210.8451384744208
249.6437539610677
201.94222279489745
194.5892329345531
206.2214911141727
207.4953275316926
186.29969001199314
235.90375365493455
196.22528572319368
225.26687526167166
200.70951727701123
189.87025316455694
201.9829113924051
168.54683544303793
196.69246118351316
193.61234688703664
174.33260716795502
199.0442726633872
198.05583489161992
173.26068072082245
150.17616741809914
178.26036542515814
134.28468025298667
129.66630758693088
144.08759885070765
153.91735769501054
132.24162493217221
138.32531645569622
134.45981230527144
124.14396988152022
126.26874849889253
134.86902781607762
135.70970627218304
130.77326046796077
139.92431460591177
134.22518836119093
146.0693391568891
155.73498644338125
198.6030415590168
189.6692847124825
165.30194097799307
200.69649614576034
187.28777582409376
196.74876043170627
199.55800210526107
221.90707569606798
172.81954552191579
164.29894810659187
191.85877286484094
158.89909337860783
133.7623729238946
134.69476179227874
109.92209640510814
111.29368863955119
87.22819074333802
78.06661991584852
67.09319775596073
