64.97861150070126
64.76075145788737
62.063132022471905
62.051685393258424
46.56959269662921
50.22801966292135
42.75435393258427
49.88609550561798
37.85912921348314
45.353370786516855
39.322823033707856
39.71500173711181
36.77212078651686
33.338623595505624
43.46952247191011
41.854269786857984
38.75316455696203
38.88101265822785
31.47060369324508
40.25840867992767
38.51871921182266
43.92322308233638
40.42828993666432
45.93560872624912
45.11907107670655
54.60492610837439
77.73166783954962
115.52513162720163
155.1335679099226
185.96170664380367
195.86432490936136
196.33734177215192
227.0866661024951
240.57153893806182
251.42983903295058
238.04438575080843
213.04240506329114
256.1020635316545
252.70530469717352
200.3451384744208
242.6437539610677
229.44222279489745
210.0892329345531
235.2214911141727
214.9953275316926
191.79969001199314
211.40375365493455
205.72528572319368
213.26687526167166
219.70951727701123
213.37025316455694
184.4829113924051
203.04683544303793
178.69246118351316
183.11234688703664
173.83260716795502
191.5442726633872
172.05583489161992
177.76068072082245
184.67616741809914
180.26036542515814
137.28468025298667
144.16630758693128
140.08759885070765
136.41735769501054
113.2416249321722
137.32531645569622
115.95981230527143
118.14396988152022
113.26874849889253
139.36902781607762
109.20970627218304
138.77326046796077
111.92431460591176
152.72518836119093
140.0693391568891
179.23498644338125
172.1030415590168
190.1692847124825
187.80194097799307
190.19649614576034
216.28777582409376
224.24876043170627
208.55800210526107
195.90707569606798
182.81954552191579
163.79894810659187
178.35877286484094
154.89909337860783
137.2623729238946
114.69476179227874
127.42209640510814
97.29368863955119
102.72819074333802
91.06661991584852
75.09319775596073
