82.97861150070126
61.260751457887366
54.563132022471905
55.551685393258424
50.06959269662921
50.72801966292135
54.75435393258427
48.38609550561798
51.85912921348314
41.853370786516855
35.822823033707856
48.21500173711181
34.27212078651686
29.838623595505624
33.96952247191011
34.854269786857984
37.25316455696203
44.88101265822785
42.97060369324508
32.25840867992767
49.01871921182266
33.92322308233638
49.92828993666432
43.93560872624912
36.11907107670655
51.10492610837439
73.23166783954962
138.02513162720163
150.1335679099226
175.46170664380367
188.36432490936136
185.33734177215192
202.0866661024951
221.57153893806182
256.42983903295055
246.04438575080843
249.54240506329114
210.1020635316545
259.7053046971735
235.8451384744208
249.6437539610677
228.44222279489745
207.0892329345531
190.7214911141727
216.4953275316926
222.29969001199314
225.90375365493455
191.72528572319368
213.26687526167166
215.20951727701123
198.87025316455694
208.4829113924051
175.04683544303793
197.19246118351316
198.61234688703664
198.33260716795502
195.5442726633872
183.55583489161992
167.26068072082245
188.17616741809914
143.26036542515814
148.78468025298667
153.16630758693154
152.58759885070765
121.41735769501052
120.2416249321722
113.32531645569621
119.95981230527143
111.64396988152022
137.76874849889253
139.86902781607762
133.20970627218304
124.77326046796075
120.92431460591176
136.72518836119093
154.5693391568891
170.73498644338125
201.6030415590168
171.6692847124825
186.80194097799307
204.19649614576034
192.28777582409376
189.74876043170627
234.05800210526107
192.90707569606798
186.31954552191579
198.79894810659187
184.85877286484094
167.39909337860783
131.2623729238946
125.69476179227874
118.92209640510814
117.79368863955119
98.72819074333802
95.06661991584852
86.09319775596073
