79.47861150070126
57.760751457887366
63.563132022471905
60.551685393258424
54.56959269662921
46.22801966292135
45.75435393258427
46.38609550561798
49.35912921348314
49.353370786516855
40.322823033707856
46.21500173711181
29.772120786516858
33.838623595505624
41.96952247191011
40.854269786857984
45.25316455696203
45.38101265822785
37.47060369324508
38.25840867992767
43.51871921182266
42.92322308233638
51.42828993666432
42.93560872624912
47.61907107670655
46.60492610837439
84.73166783954962
111.02513162720163
153.1335679099226
162.96170664380367
184.86432490936136
202.83734177215192
250.0866661024951
210.57153893806182
217.42983903295058
214.54438575080843
231.04240506329114
222.1020635316545
247.20530469717352
225.3451384744208
201.6437539610677
238.44222279489745
222.0892329345531
206.2214911141727
185.4953275316926
195.29969001199314
190.40375365493455
223.72528572319368
217.76687526167166
176.20951727701123
174.87025316455694
206.4829113924051
194.04683544303793
177.19246118351316
181.11234688703664
175.83260716795502
168.5442726633872
195.55583489161992
169.76068072082245
149.17616741809914
160.26036542515814
154.78468025298667
165.16630758693188
127.58759885070765
132.91735769501054
123.7416249321722
119.32531645569621
120.95981230527143
141.1439698815202
115.76874849889253
120.36902781607763
122.20970627218304
137.77326046796077
120.42431460591176
140.72518836119093
163.5693391568891
165.23498644338125
165.6030415590168
197.6692847124825
164.80194097799307
211.69649614576034
200.78777582409376
226.74876043170627
227.55800210526107
181.40707569606798
192.81954552191579
196.29894810659187
156.85877286484094
175.89909337860783
129.7623729238946
126.19476179227874
128.42209640510814
113.79368863955119
105.72819074333802
99.06661991584852
84.09319775596073
