74.97861150070126
67.76075145788737
58.063132022471905
60.051685393258424
61.06959269662921
58.22801966292135
57.25435393258427
48.88609550561798
39.85912921348314
42.853370786516855
48.322823033707856
38.71500173711181
43.27212078651686
31.338623595505624
27.96952247191011
41.854269786857984
45.75316455696203
38.88101265822785
42.47060369324508
36.75840867992767
33.01871921182266
35.42322308233638
35.92828993666432
41.93560872624912
54.11907107670655
42.60492610837439
63.731667839549615
131.02513162720163
139.6335679099226
159.46170664380367
171.86432490936136
203.33734177215192
230.5866661024951
263.57153893806185
209.42983903295058
209.04438575080843
217.04240506329114
219.6020635316545
222.20530469717352
245.3451384744208
232.6437539610677
194.94222279489745
220.0892329345531
204.2214911141727
197.9953275316926
229.79969001199314
235.40375365493455
196.22528572319368
226.26687526167166
188.70951727701123
188.87025316455694
175.4829113924051
196.04683544303793
162.69246118351316
177.61234688703664
175.33260716795502
163.5442726633872
180.05583489161992
176.26068072082245
166.17616741809914
177.76036542515814
155.28468025298667
131.66630758693094
131.58759885070765
125.41735769501052
131.74162493217221
143.82531645569622
114.95981230527143
132.6439698815202
115.26874849889253
121.36902781607763
136.20970627218304
142.77326046796077
137.42431460591177
133.72518836119093
167.5693391568891
184.23498644338125
183.6030415590168
165.1692847124825
186.80194097799307
182.69649614576034
172.78777582409376
224.24876043170627
192.05800210526107
213.40707569606798
205.81954552191579
173.29894810659187
188.85877286484094
184.39909337860783
161.7623729238946
128.69476179227874
126.92209640510814
105.79368863955119
101.22819074333802
79.06661991584852
81.59319775596073
