70.97861150070126
74.76075145788737
69.0631320224719
61.051685393258424
61.06959269662921
53.22801966292135
39.75435393258427
48.38609550561798
35.35912921348314
51.853370786516855
48.822823033707856
46.21500173711181
41.27212078651686
28.838623595505624
39.46952247191011
36.354269786857984
46.25316455696203
35.88101265822785
33.47060369324508
41.25840867992767
37.01871921182266
48.42322308233638
44.92828993666432
38.43560872624912
36.11907107670655
59.10492610837439
65.73166783954962
137.52513162720163
166.6335679099226
171.46170664380367
183.86432490936136
202.83734177215192
230.0866661024951
249.57153893806182
251.42983903295058
247.54438575080843
205.04240506329114
234.6020635316545
222.20530469717352
229.8451384744208
250.1437539610677
244.44222279489745
219.5892329345531
203.7214911141727
228.9953275316926
203.29969001199314
214.90375365493455
230.72528572319368
206.76687526167166
183.70951727701123
179.37025316455694
190.9829113924051
190.54683544303793
208.19246118351316
179.61234688703664
167.33260716795502
187.5442726633872
154.55583489161992
156.76068072082245
185.17616741809914
169.26036542515814
148.28468025298667
158.66630758693168
156.58759885070765
138.41735769501054
121.7416249321722
138.32531645569622
125.45981230527143
117.64396988152022
115.76874849889253
115.86902781607763
124.70970627218304
127.27326046796075
133.92431460591177
145.72518836119093
163.5693391568891
161.73498644338125
160.1030415590168
166.6692847124825
167.30194097799307
210.69649614576034
178.78777582409376
183.24876043170627
228.05800210526107
215.90707569606798
181.81954552191579
184.29894810659187
156.35877286484094
146.89909337860783
158.2623729238946
136.19476179227874
130.42209640510814
116.29368863955119
83.22819074333802
97.06661991584852
83.59319775596073
