81.97861150070126
70.76075145788737
63.563132022471905
63.551685393258424
56.56959269662921
44.72801966292135
55.75435393258427
47.38609550561798
46.35912921348314
35.853370786516855
34.322823033707856
48.21500173711181
43.27212078651686
40.338623595505624
35.96952247191011
44.354269786857984
30.253164556962027
37.38101265822785
30.97060369324508
45.75840867992767
47.51871921182266
38.92322308233638
46.42828993666432
39.43560872624912
46.11907107670655
43.10492610837439
76.23166783954962
112.52513162720163
169.6335679099226
172.46170664380367
202.86432490936136
223.33734177215192
228.5866661024951
216.57153893806182
204.92983903295058
217.54438575080843
232.54240506329114
247.1020635316545
254.20530469717352
208.3451384744208
222.6437539610677
213.94222279489745
194.0892329345531
186.2214911141727
223.4953275316926
216.29969001199314
192.40375365493455
217.22528572319368
208.26687526167166
174.20951727701123
185.87025316455694
204.4829113924051
199.54683544303793
163.69246118351316
185.11234688703664
187.33260716795502
203.5442726633872
170.05583489161992
166.26068072082245
178.67616741809914
148.76036542515814
136.28468025298667
162.1663075869318
155.08759885070765
128.91735769501054
145.74162493217221
121.82531645569621
122.45981230527143
140.6439698815202
124.76874849889253
111.86902781607763
130.70970627218304
148.77326046796077
115.42431460591176
142.72518836119093
133.5693391568891
164.73498644338125
163.1030415590168
169.6692847124825
180.80194097799307
184.19649614576034
199.28777582409376
204.24876043170627
217.05800210526107
187.90707569606798
185.81954552191579
188.29894810659187
169.85877286484094
169.89909337860783
138.2623729238946
128.69476179227874
128.42209640510814
105.79368863955119
90.72819074333802
99.06661991584852
82.09319775596073
