65.97861150070126
54.260751457887366
61.563132022471905
57.551685393258424
46.06959269662921
44.22801966292135
52.25435393258427
44.88609550561798
50.85912921348314
36.353370786516855
37.822823033707856
48.21500173711181
42.77212078651686
30.338623595505624
41.46952247191011
42.854269786857984
32.25316455696203
43.38101265822785
36.47060369324508
45.75840867992767
41.01871921182266
34.42322308233638
41.42828993666432
43.93560872624912
51.61907107670655
43.10492610837439
72.73166783954962
125.02513162720163
138.6335679099226
165.96170664380367
207.36432490936136
221.33734177215192
238.0866661024951
219.57153893806182
222.92983903295058
207.04438575080843
247.04240506329114
218.6020635316545
244.70530469717352
218.8451384744208
212.6437539610677
209.44222279489745
218.5892329345531
186.7214911141727
192.4953275316926
221.79969001199314
212.40375365493455
194.22528572319368
215.76687526167166
202.20951727701123
207.37025316455694
177.9829113924051
207.54683544303793
173.19246118351316
203.61234688703664
196.83260716795502
189.0442726633872
192.55583489161992
180.76068072082245
159.67616741809914
170.76036542515814
148.78468025298667
162.6663075869318
135.08759885070765
126.91735769501052
144.74162493217221
137.82531645569622
119.95981230527143
120.64396988152022
121.76874849889253
118.86902781607763
129.70970627218304
141.27326046796077
134.42431460591177
134.72518836119093
171.5693391568891
175.73498644338125
179.1030415590168
188.1692847124825
185.30194097799307
176.69649614576034
220.28777582409376
216.74876043170627
207.55800210526107
216.90707569606798
170.81954552191579
182.29894810659187
156.85877286484094
179.89909337860783
164.7623729238946
146.69476179227874
116.42209640510814
98.79368863955119
104.22819074333802
98.56661991584852
66.59319775596073
