61.47861150070126
65.26075145788737
63.063132022471905
47.051685393258424
52.56959269662921
50.22801966292135
46.75435393258427
37.88609550561798
42.35912921348314
48.853370786516855
38.822823033707856
48.21500173711181
33.27212078651686
31.338623595505624
43.46952247191011
35.854269786857984
46.25316455696203
40.88101265822785
42.97060369324508
43.25840867992767
47.51871921182266
33.92322308233638
40.92828993666432
39.43560872624912
50.61907107670655
49.10492610837439
64.23166783954962
125.52513162720163
141.1335679099226
173.96170664380367
191.86432490936136
217.83734177215192
251.0866661024951
224.07153893806182
207.92983903295058
219.04438575080843
234.54240506329114
247.1020635316545
240.70530469717352
220.3451384744208
229.6437539610677
213.44222279489745
234.5892329345531
211.7214911141727
208.9953275316926
234.79969001199314
194.90375365493455
205.72528572319368
210.76687526167166
206.20951727701123
198.37025316455694
197.9829113924051
176.04683544303793
198.19246118351316
206.61234688703664
189.83260716795502
191.5442726633872
157.55583489161992
170.76068072082245
186.17616741809914
159.26036542515814
171.78468025298667
155.66630758693162
149.58759885070765
149.91735769501054
114.7416249321722
123.82531645569621
112.95981230527143
124.64396988152022
127.26874849889253
116.86902781607763
138.70970627218304
136.77326046796077
111.92431460591176
138.72518836119093
144.0693391568891
154.23498644338125
195.1030415590168
166.1692847124825
199.30194097799307
187.19649614576034
176.78777582409376
183.74876043170627
213.55800210526107
209.90707569606798
171.31954552191579
161.79894810659187
154.85877286484094
171.39909337860783
137.2623729238946
125.19476179227874
126.42209640510814
105.79368863955119
99.22819074333802
78.06661991584852
89.59319775596073
