82.97861150070126
59.760751457887366
56.563132022471905
63.051685393258424
62.06959269662921
57.22801966292135
52.75435393258427
43.38609550561798
47.85912921348314
45.853370786516855
36.322823033707856
39.71500173711181
37.77212078651686
28.838623595505624
37.96952247191011
34.854269786857984
44.25316455696203
30.881012658227853
40.97060369324508
42.25840867992767
35.01871921182266
49.42322308233638
37.42828993666432
42.43560872624912
51.11907107670655
45.60492610837439
80.23166783954962
140.02513162720163
153.6335679099226
166.96170664380367
195.86432490936136
183.33734177215192
225.0866661024951
207.57153893806182
255.92983903295058
233.54438575080843
246.04240506329114
233.6020635316545
217.70530469717352
212.8451384744208
227.1437539610677
223.44222279489745
190.0892329345531
224.7214911141727
190.9953275316926
232.29969001199314
214.90375365493455
210.22528572319368
226.26687526167166
205.20951727701123
210.37025316455694
195.9829113924051
185.54683544303793
174.19246118351316
207.61234688703664
167.33260716795502
193.0442726633872
190.05583489161992
186.26068072082245
174.67616741809914
146.76036542515814
152.28468025298667
148.1663075869314
123.08759885070765
125.41735769501052
121.7416249321722
135.32531645569622
111.45981230527143
109.64396988152022
139.76874849889253
121.86902781607763
118.20970627218304
130.27326046796077
144.42431460591177
144.22518836119093
146.5693391568891
180.23498644338125
181.1030415590168
196.6692847124825
175.30194097799307
191.19649614576034
219.28777582409376
206.24876043170627
218.55800210526107
212.90707569606798
183.31954552191579
167.79894810659187
161.85877286484094
154.89909337860783
139.2623729238946
113.69476179227874
115.92209640510814
109.79368863955119
85.72819074333802
90.56661991584852
89.09319775596073
