75.47861150070126
65.76075145788737
67.5631320224719
51.551685393258424
59.06959269662921
44.72801966292135
40.25435393258427
53.38609550561798
50.85912921348314
51.853370786516855
34.822823033707856
43.21500173711181
34.27212078651686
30.338623595505624
42.96952247191011
30.85426978685798
38.25316455696203
40.38101265822785
33.47060369324508
38.25840867992767
41.01871921182266
33.92322308233638
37.42828993666432
37.43560872624912
49.61907107670655
59.60492610837439
62.731667839549615
140.02513162720163
156.6335679099226
186.96170664380367
178.86432490936136
191.83734177215192
230.5866661024951
249.07153893806182
243.42983903295058
229.54438575080843
254.04240506329114
247.6020635316545
219.70530469717352
241.8451384744208
206.1437539610677
221.94222279489745
232.5892329345531
193.2214911141727
195.9953275316926
199.29969001199314
201.90375365493455
212.22528572319368
214.76687526167166
175.70951727701123
198.37025316455694
201.9829113924051
172.54683544303793
180.19246118351316
205.61234688703664
188.33260716795502
200.5442726633872
175.55583489161992
165.76068072082245
147.67616741809914
176.26036542515814
160.28468025298667
165.16630758693188
144.58759885070765
118.41735769501052
141.74162493217221
133.32531645569622
119.45981230527143
125.14396988152022
119.76874849889253
111.86902781607763
130.70970627218304
133.77326046796077
130.42431460591177
122.22518836119094
144.0693391568891
181.73498644338125
198.6030415590168
174.6692847124825
189.80194097799307
188.19649614576034
185.78777582409376
224.24876043170627
196.55800210526107
215.40707569606798
183.81954552191579
182.29894810659187
195.35877286484094
182.89909337860783
155.2623729238946
126.69476179227874
102.92209640510814
116.79368863955119
93.22819074333802
91.06661991584852
79.09319775596073
