66.97861150070126
69.26075145788737
59.063132022471905
55.051685393258424
45.06959269662921
58.22801966292135
53.25435393258427
41.38609550561798
44.35912921348314
52.353370786516855
36.322823033707856
44.21500173711181
37.27212078651686
40.838623595505624
28.96952247191011
41.854269786857984
46.25316455696203
45.38101265822785
34.47060369324508
43.25840867992767
37.51871921182266
47.42322308233638
37.92828993666432
41.43560872624912
39.11907107670655
59.10492610837439
84.23166783954962
131.02513162720163
160.1335679099226
148.46170664380367
198.86432490936136
230.83734177215192
206.5866661024951
243.57153893806182
247.42983903295058
210.54438575080843
210.54240506329114
235.1020635316545
245.70530469717352
241.3451384744208
205.1437539610677
229.94222279489745
231.5892329345531
233.2214911141727
227.4953275316926
218.79969001199314
236.40375365493455
197.22528572319368
209.26687526167166
195.70951727701123
171.37025316455694
185.4829113924051
200.54683544303793
173.19246118351316
197.11234688703664
202.83260716795502
207.5442726633872
161.05583489161992
149.26068072082245
157.67616741809914
175.76036542515814
137.78468025298667
151.6663075869315
128.08759885070765
133.41735769501054
114.2416249321722
134.32531645569622
113.95981230527143
116.64396988152022
138.76874849889253
124.36902781607763
120.20970627218304
143.27326046796077
121.42431460591176
137.22518836119093
171.5693391568891
177.73498644338125
191.6030415590168
201.6692847124825
173.30194097799307
191.69649614576034
177.78777582409376
229.24876043170627
198.05800210526107
186.40707569606798
185.31954552191579
169.79894810659187
156.85877286484094
161.89909337860783
141.2623729238946
117.69476179227874
108.42209640510814
95.79368863955119
83.22819074333802
87.56661991584852
85.09319775596073
