72.97861150070126
65.26075145788737
54.563132022471905
66.05168539325842
61.06959269662921
44.22801966292135
45.75435393258427
52.88609550561798
51.85912921348314
48.353370786516855
33.322823033707856
33.21500173711181
32.77212078651686
37.338623595505624
34.46952247191011
41.854269786857984
38.25316455696203
33.38101265822785
38.97060369324508
37.75840867992767
49.01871921182266
40.42322308233638
49.42828993666432
41.43560872624912
52.11907107670655
47.60492610837439
69.23166783954962
123.52513162720163
173.6335679099226
188.96170664380367
189.36432490936136
225.33734177215192
206.5866661024951
244.57153893806182
203.92983903295058
231.54438575080843
245.54240506329114
227.1020635316545
214.20530469717352
233.3451384744208
226.6437539610677
220.94222279489745
202.0892329345531
225.2214911141727
184.9953275316926
230.79969001199314
204.90375365493455
196.72528572319368
190.26687526167166
183.20951727701123
172.87025316455694
189.9829113924051
203.54683544303793
207.19246118351316
181.61234688703664
182.33260716795502
170.0442726633872
168.55583489161992
154.76068072082245
171.67616741809914
175.76036542515814
135.28468025298667
148.6663075869314
142.08759885070765
152.91735769501054
128.24162493217221
136.82531645569622
134.95981230527144
121.64396988152022
113.76874849889253
136.36902781607762
140.70970627218304
117.27326046796075
124.92431460591176
150.72518836119093
142.5693391568891
155.73498644338125
174.1030415590168
177.1692847124825
173.80194097799307
182.69649614576034
183.78777582409376
192.24876043170627
198.05800210526107
186.90707569606798
182.81954552191579
180.29894810659187
180.85877286484094
181.89909337860783
134.2623729238946
136.19476179227874
129.42209640510814
104.29368863955119
107.22819074333802
96.06661991584852
69.09319775596073
