76.47861150070126
64.26075145788737
58.563132022471905
65.55168539325842
45.56959269662921
50.22801966292135
46.75435393258427
45.88609550561798
38.85912921348314
39.353370786516855
42.322823033707856
41.71500173711181
32.27212078651686
35.338623595505624
33.46952247191011
36.354269786857984
38.75316455696203
42.88101265822785
42.97060369324508
44.25840867992767
41.51871921182266
36.92322308233638
48.92828993666432
46.93560872624912
47.11907107670655
53.60492610837439
67.73166783954962
120.02513162720163
151.1335679099226
175.96170664380367
187.36432490936136
198.83734177215192
200.5866661024951
256.57153893806185
249.92983903295058
222.54438575080843
226.54240506329114
243.6020635316545
230.20530469717352
232.8451384744208
242.6437539610677
219.94222279489745
217.0892329345531
215.2214911141727
199.4953275316926
234.29969001199314
216.90375365493455
216.22528572319368
210.26687526167166
175.70951727701123
180.37025316455694
206.4829113924051
170.04683544303793
187.69246118351316
172.11234688703664
170.33260716795502
181.0442726633872
181.55583489161992
147.76068072082245
163.17616741809914
167.26036542515814
152.28468025298667
134.666307586931
152.08759885070765
154.41735769501054
130.74162493217221
118.32531645569621
121.45981230527143
125.14396988152022
139.26874849889253
138.36902781607762
115.70970627218304
136.77326046796077
126.42431460591176
149.22518836119093
142.5693391568891
144.23498644338125
190.1030415590168
179.1692847124825
182.30194097799307
194.69649614576034
185.78777582409376
184.74876043170627
228.05800210526107
205.90707569606798
210.81954552191579
161.29894810659187
184.85877286484094
186.89909337860783
147.7623729238946
119.69476179227874
109.92209640510814
92.79368863955119
84.72819074333802
95.06661991584852
68.59319775596073
