70.97861150070126
69.76075145788737
53.563132022471905
50.051685393258424
46.56959269662921
59.72801966292135
41.75435393258427
37.38609550561798
40.35912921348314
41.353370786516855
42.322823033707856
47.71500173711181
39.77212078651686
30.338623595505624
42.96952247191011
41.354269786857984
32.75316455696203
33.88101265822785
44.47060369324508
33.25840867992767
49.01871921182266
35.92322308233638
38.42828993666432
36.43560872624912
39.61907107670655
52.60492610837439
64.23166783954962
136.52513162720163
147.6335679099226
147.46170664380367
175.36432490936136
227.33734177215192
202.0866661024951
241.07153893806182
234.42983903295058
213.04438575080843
239.04240506329114
218.6020635316545
225.70530469717352
200.3451384744208
243.6437539610677
206.44222279489745
232.0892329345531
201.2214911141727
225.4953275316926
223.79969001199314
231.40375365493455
196.22528572319368
191.26687526167166
181.70951727701123
189.37025316455694
196.4829113924051
198.54683544303793
177.19246118351316
200.11234688703664
163.33260716795502
167.0442726633872
175.05583489161992
150.76068072082245
175.67616741809914
176.76036542515814
149.78468025298667
137.6663075869311
140.58759885070765
138.41735769501054
142.24162493217221
113.32531645569621
132.95981230527144
111.64396988152022
109.26874849889253
133.86902781607762
116.20970627218304
125.27326046796075
121.92431460591176
151.72518836119093
169.0693391568891
151.23498644338125
201.1030415590168
172.6692847124825
174.30194097799307
195.19649614576034
186.78777582409376
220.24876043170627
241.55800210526107
182.90707569606798
205.81954552191579
203.29894810659187
176.85877286484094
157.89909337860783
140.2623729238946
132.19476179227874
133.92209640510814
102.29368863955119
105.72819074333802
98.06661991584852
79.09319775596073
