68.97861150070126
62.760751457887366
59.563132022471905
47.551685393258424
60.56959269662921
44.22801966292135
38.75435393258427
46.88609550561798
37.85912921348314
37.853370786516855
44.822823033707856
35.71500173711181
33.27212078651686
33.838623595505624
33.46952247191011
37.854269786857984
35.25316455696203
43.38101265822785
35.97060369324508
43.25840867992767
43.01871921182266
34.42322308233638
37.42828993666432
42.93560872624912
46.11907107670655
53.10492610837439
79.23166783954962
134.52513162720163
139.6335679099226
161.96170664380367
169.86432490936136
190.33734177215192
214.5866661024951
244.57153893806182
224.42983903295058
244.54438575080843
256.04240506329114
217.1020635316545
244.70530469717352
219.8451384744208
209.1437539610677
194.44222279489745
199.0892329345531
228.2214911141727
201.9953275316926
223.79969001199314
201.40375365493455
196.22528572319368
207.76687526167166
175.70951727701123
205.37025316455694
187.4829113924051
165.54683544303793
205.19246118351316
189.11234688703664
184.83260716795502
170.0442726633872
177.55583489161992
184.26068072082245
176.17616741809914
155.76036542515814
168.28468025298667
163.16630758693182
125.08759885070765
148.41735769501054
144.24162493217221
137.82531645569622
114.45981230527143
137.1439698815202
140.76874849889253
115.86902781607763
139.70970627218304
128.27326046796077
116.92431460591176
152.72518836119093
153.0693391568891
180.23498644338125
201.1030415590168
163.6692847124825
193.80194097799307
173.19649614576034
178.28777582409376
182.74876043170627
232.05800210526107
186.40707569606798
204.31954552191579
161.79894810659187
161.85877286484094
172.89909337860783
144.7623729238946
141.19476179227874
129.92209640510814
106.79368863955119
100.72819074333802
89.06661991584852
71.09319775596073
