61.47861150070126
72.76075145788737
55.063132022471905
46.551685393258424
51.56959269662921
48.22801966292135
46.75435393258427
45.38609550561798
49.85912921348314
40.353370786516855
34.322823033707856
35.21500173711181
31.772120786516858
33.838623595505624
43.96952247191011
35.854269786857984
37.75316455696203
40.88101265822785
33.47060369324508
48.25840867992767
37.01871921182266
48.92322308233638
45.42828993666432
38.93560872624912
37.61907107670655
42.10492610837439
78.23166783954962
141.52513162720163
153.1335679099226
181.96170664380367
180.36432490936136
228.83734177215192
235.0866661024951
234.57153893806182
234.42983903295058
245.54438575080843
255.54240506329114
205.1020635316545
237.70530469717352
248.3451384744208
226.1437539610677
198.44222279489745
202.0892329345531
226.2214911141727
208.4953275316926
228.29969001199314
226.90375365493455
203.72528572319368
204.76687526167166
214.20951727701123
175.87025316455694
169.9829113924051
196.54683544303793
189.19246118351316
208.61234688703664
172.33260716795502
166.5442726633872
188.05583489161992
188.76068072082245
150.67616741809914
178.76036542515814
162.78468025298667
128.16630758693083
152.58759885070765
150.41735769501054
129.74162493217221
141.32531645569622
133.45981230527144
129.6439698815202
119.26874849889253
113.36902781607763
129.70970627218304
117.27326046796075
132.42431460591177
126.72518836119094
151.0693391568891
152.23498644338125
168.6030415590168
194.1692847124825
179.80194097799307
212.19649614576034
180.78777582409376
203.74876043170627
223.05800210526107
221.40707569606798
168.81954552191579
188.79894810659187
181.35877286484094
146.89909337860783
147.2623729238946
120.19476179227874
101.42209640510814
96.79368863955119
95.72819074333802
97.56661991584852
70.59319775596073
