64.97861150070126
64.26075145788737
51.563132022471905
59.551685393258424
58.56959269662921
59.22801966292135
46.75435393258427
50.88609550561798
48.35912921348314
49.353370786516855
46.822823033707856
32.71500173711181
35.27212078651686
28.838623595505624
41.46952247191011
35.354269786857984
37.25316455696203
41.38101265822785
45.97060369324508
43.75840867992767
36.51871921182266
38.42322308233638
35.42828993666432
36.43560872624912
37.11907107670655
60.60492610837439
82.23166783954962
120.52513162720163
148.6335679099226
166.46170664380367
162.86432490936136
222.33734177215192
235.0866661024951
224.07153893806182
253.92983903295058
251.54438575080843
211.54240506329114
214.6020635316545
250.20530469717352
247.3451384744208
209.6437539610677
218.44222279489745
195.0892329345531
195.2214911141727
189.4953275316926
213.79969001199314
229.40375365493455
227.72528572319368
186.26687526167166
175.70951727701123
213.37025316455694
188.9829113924051
197.04683544303793
191.19246118351316
206.61234688703664
208.33260716795502
198.5442726633872
158.55583489161992
182.76068072082245
186.17616741809914
173.76036542515814
160.28468025298667
135.16630758693103
120.58759885070765
136.41735769501054
123.7416249321722
142.32531645569622
129.45981230527144
131.1439698815202
125.76874849889253
125.36902781607763
118.20970627218304
120.27326046796075
122.92431460591176
121.22518836119094
159.0693391568891
183.73498644338125
159.6030415590168
200.6692847124825
163.30194097799307
174.19649614576034
198.28777582409376
221.74876043170627
225.05800210526107
191.90707569606798
178.31954552191579
194.29894810659187
194.35877286484094
186.39909337860783
149.2623729238946
114.69476179227874
118.42209640510814
117.79368863955119
99.22819074333802
98.06661991584852
86.09319775596073
