69.97861150070126
64.76075145788737
51.063132022471905
64.05168539325842
52.06959269662921
47.22801966292135
43.25435393258427
44.38609550561798
51.35912921348314
37.853370786516855
48.322823033707856
43.71500173711181
31.272120786516858
32.338623595505624
33.46952247191011
32.354269786857984
41.25316455696203
42.88101265822785
35.97060369324508
31.75840867992767
38.51871921182266
37.92322308233638
34.42828993666432
49.43560872624912
52.11907107670655
53.10492610837439
68.73166783954962
125.02513162720163
148.1335679099226
165.96170664380367
203.36432490936136
191.33734177215192
220.5866661024951
214.07153893806182
212.42983903295058
238.04438575080843
241.04240506329114
248.1020635316545
238.70530469717352
201.3451384744208
236.1437539610677
193.44222279489745
200.5892329345531
213.2214911141727
205.4953275316926
220.29969001199314
200.40375365493455
192.72528572319368
211.76687526167166
201.20951727701123
195.37025316455694
169.4829113924051
182.04683544303793
208.19246118351316
191.61234688703664
183.83260716795502
177.0442726633872
167.05583489161992
175.76068072082245
183.17616741809914
156.26036542515814
165.28468025298667
133.16630758693097
125.58759885070765
140.41735769501054
127.2416249321722
136.82531645569622
113.45981230527143
107.64396988152022
136.26874849889253
121.36902781607763
121.70970627218304
116.27326046796075
134.42431460591177
143.22518836119093
155.5693391568891
144.73498644338125
190.1030415590168
206.6692847124825
168.80194097799307
203.19649614576034
182.28777582409376
211.24876043170627
208.05800210526107
180.90707569606798
176.31954552191579
180.79894810659187
193.35877286484094
185.39909337860783
163.2623729238946
114.69476179227874
106.92209640510814
117.29368863955119
95.22819074333802
78.06661991584852
86.59319775596073
