63.47861150070126
69.76075145788737
64.0631320224719
59.551685393258424
52.06959269662921
51.22801966292135
48.25435393258427
52.38609550561798
43.85912921348314
53.353370786516855
43.822823033707856
40.71500173711181
29.272120786516858
35.838623595505624
35.96952247191011
34.354269786857984
41.25316455696203
29.381012658227853
34.97060369324508
39.75840867992767
34.01871921182266
35.92322308233638
39.92828993666432
34.43560872624912
45.61907107670655
55.10492610837439
64.73166783954962
109.52513162720163
154.1335679099226
175.96170664380367
167.86432490936136
207.83734177215192
204.5866661024951
252.07153893806182
208.92983903295058
204.04438575080843
227.04240506329114
248.1020635316545
257.2053046971735
219.8451384744208
205.1437539610677
222.44222279489745
194.0892329345531
194.2214911141727
217.4953275316926
209.29969001199314
218.90375365493455
199.22528572319368
203.26687526167166
216.20951727701123
192.37025316455694
205.4829113924051
192.54683544303793
188.69246118351316
194.11234688703664
175.33260716795502
199.5442726633872
163.55583489161992
182.26068072082245
169.17616741809914
147.26036542515814
164.28468025298667
131.66630758693094
142.58759885070765
153.91735769501054
114.7416249321722
137.32531645569622
138.45981230527144
134.1439698815202
129.76874849889253
125.36902781607763
125.20970627218304
114.77326046796075
112.42431460591176
123.22518836119094
165.0693391568891
173.23498644338125
193.6030415590168
197.1692847124825
182.30194097799307
174.69649614576034
177.78777582409376
204.24876043170627
216.05800210526107
188.40707569606798
191.81954552191579
164.79894810659187
193.85877286484094
157.39909337860783
131.2623729238946
148.69476179227874
132.42209640510814
99.29368863955119
82.22819074333802
95.56661991584852
89.59319775596073
