75.97861150070126
61.760751457887366
68.5631320224719
50.551685393258424
48.56959269662921
43.22801966292135
48.25435393258427
43.88609550561798
45.85912921348314
48.353370786516855
45.322823033707856
41.21500173711181
41.77212078651686
31.838623595505624
43.46952247191011
30.85426978685798
34.75316455696203
45.88101265822785
39.97060369324508
40.75840867992767
45.01871921182266
46.92322308233638
46.42828993666432
48.93560872624912
38.61907107670655
57.10492610837439
64.73166783954962
118.52513162720163
139.6335679099226
173.46170664380367
199.86432490936136
186.33734177215192
228.5866661024951
255.57153893806182
224.42983903295058
234.04438575080843
230.54240506329114
255.6020635316545
207.70530469717352
214.3451384744208
201.1437539610677
238.44222279489745
226.0892329345531
235.7214911141727
205.9953275316926
226.29969001199314
234.90375365493455
210.72528572319368
200.26687526167166
195.20951727701123
175.37025316455694
171.9829113924051
189.54683544303793
197.19246118351316
204.61234688703664
184.33260716795502
189.5442726633872
194.55583489161992
189.26068072082245
172.67616741809914
184.26036542515814
161.28468025298667
154.16630758693157
134.58759885070765
150.91735769501054
122.2416249321722
119.82531645569621
135.95981230527144
131.1439698815202
142.76874849889253
110.36902781607763
123.20970627218304
142.77326046796077
138.92431460591177
148.22518836119093
160.0693391568891
170.73498644338125
180.1030415590168
163.6692847124825
163.80194097799307
195.19649614576034
195.28777582409376
225.24876043170627
222.05800210526107
192.90707569606798
165.31954552191579
163.79894810659187
190.35877286484094
183.89909337860783
139.2623729238946
127.69476179227874
128.42209640510814
111.29368863955119
101.22819074333802
91.56661991584852
88.59319775596073
