73.47861150070126
73.76075145788737
57.563132022471905
49.051685393258424
62.56959269662921
57.72801966292135
49.25435393258427
49.88609550561798
38.35912921348314
38.853370786516855
46.322823033707856
47.71500173711181
33.27212078651686
43.838623595505624
39.46952247191011
34.354269786857984
43.75316455696203
32.88101265822785
46.97060369324508
36.75840867992767
34.01871921182266
37.42322308233638
48.42828993666432
41.43560872624912
40.11907107670655
50.10492610837439
76.73166783954962
110.02513162720163
146.1335679099226
150.96170664380367
198.36432490936136
199.83734177215192
200.5866661024951
235.57153893806182
253.92983903295058
245.04438575080843
232.54240506329114
254.6020635316545
253.20530469717352
222.8451384744208
248.1437539610677
241.94222279489745
225.0892329345531
225.2214911141727
204.9953275316926
235.79969001199314
236.40375365493455
193.22528572319368
222.26687526167166
196.20951727701123
176.37025316455694
176.9829113924051
191.04683544303793
165.19246118351316
167.11234688703664
186.83260716795502
172.5442726633872
182.55583489161992
188.26068072082245
176.67616741809914
153.76036542515814
168.78468025298667
147.16630758693137
139.58759885070765
143.91735769501054
123.7416249321722
143.32531645569622
132.45981230527144
111.64396988152022
110.76874849889253
137.36902781607762
111.70970627218304
135.77326046796077
118.92431460591176
138.22518836119093
154.0693391568891
171.23498644338125
197.1030415590168
187.6692847124825
189.30194097799307
192.69649614576034
175.28777582409376
194.24876043170627
237.05800210526107
210.40707569606798
171.81954552191579
196.29894810659187
154.85877286484094
187.39909337860783
164.2623729238946
139.19476179227874
125.92209640510814
94.79368863955119
97.72819074333802
88.06661991584852
86.09319775596073
