74.47861150070126
73.26075145788737
61.563132022471905
54.551685393258424
55.06959269662921
42.22801966292135
49.75435393258427
48.88609550561798
46.35912921348314
51.353370786516855
48.322823033707856
46.71500173711181
29.272120786516858
30.338623595505624
28.96952247191011
40.354269786857984
35.75316455696203
43.38101265822785
43.47060369324508
39.75840867992767
48.51871921182266
43.42322308233638
38.92828993666432
48.43560872624912
40.11907107670655
50.10492610837439
72.23166783954962
110.52513162720163
139.6335679099226
146.96170664380367
203.36432490936136
187.33734177215192
233.0866661024951
220.57153893806182
205.92983903295058
229.04438575080843
238.54240506329114
218.6020635316545
230.70530469717352
228.8451384744208
198.6437539610677
211.44222279489745
197.5892329345531
190.2214911141727
216.4953275316926
219.79969001199314
195.40375365493455
206.72528572319368
220.76687526167166
219.70951727701123
185.87025316455694
187.9829113924051
188.54683544303793
173.69246118351316
184.11234688703664
164.33260716795502
190.5442726633872
157.05583489161992
157.26068072082245
182.67616741809914
149.26036542515814
159.28468025298667
163.66630758693185
133.08759885070765
127.41735769501052
133.74162493217221
110.82531645569621
136.45981230527144
138.6439698815202
125.26874849889253
111.86902781607763
123.70970627218304
135.77326046796077
131.42431460591177
139.22518836119093
154.5693391568891
171.23498644338125
173.1030415590168
182.1692847124825
160.30194097799307
208.69649614576034
173.28777582409376
205.74876043170627
241.05800210526107
192.90707569606798
194.31954552191579
184.29894810659187
154.85877286484094
176.39909337860783
161.7623729238946
135.69476179227874
132.92209640510814
111.29368863955119
103.22819074333802
81.06661991584852
78.59319775596073
