71.47861150070126
55.760751457887366
51.563132022471905
50.551685393258424
57.56959269662921
54.22801966292135
39.25435393258427
40.38609550561798
36.35912921348314
41.853370786516855
48.822823033707856
48.21500173711181
34.77212078651686
34.338623595505624
37.46952247191011
40.854269786857984
41.75316455696203
32.88101265822785
39.97060369324508
36.75840867992767
46.01871921182266
49.42322308233638
46.92828993666432
50.93560872624912
47.11907107670655
50.10492610837439
65.23166783954962
134.52513162720163
168.1335679099226
159.96170664380367
182.36432490936136
182.33734177215192
250.5866661024951
255.57153893806182
215.92983903295058
236.04438575080843
245.54240506329114
210.1020635316545
247.20530469717352
202.8451384744208
228.6437539610677
198.44222279489745
233.0892329345531
195.2214911141727
232.9953275316926
200.79969001199314
223.90375365493455
205.22528572319368
208.26687526167166
208.70951727701123
210.87025316455694
178.4829113924051
173.54683544303793
164.19246118351316
187.11234688703664
194.33260716795502
179.5442726633872
193.05583489161992
150.26068072082245
152.67616741809914
176.76036542515814
153.78468025298667
128.16630758693083
122.08759885070765
154.41735769501054
144.74162493217221
110.82531645569621
114.95981230527143
119.64396988152022
117.76874849889253
112.86902781607763
138.20970627218304
136.27326046796077
126.92431460591176
130.22518836119093
161.0693391568891
158.23498644338125
189.1030415590168
198.6692847124825
160.80194097799307
192.69649614576034
200.78777582409376
198.24876043170627
211.55800210526107
200.40707569606798
173.81954552191579
183.29894810659187
191.85877286484094
176.89909337860783
165.7623729238946
119.19476179227874
113.92209640510814
107.79368863955119
99.72819074333802
91.06661991584852
69.59319775596073
