83.47861150070126
63.760751457887366
60.563132022471905
55.051685393258424
44.56959269662921
55.22801966292135
41.25435393258427
50.38609550561798
42.35912921348314
44.353370786516855
45.322823033707856
33.21500173711181
33.77212078651686
39.838623595505624
34.46952247191011
28.85426978685798
34.75316455696203
39.38101265822785
42.97060369324508
44.25840867992767
44.51871921182266
35.42322308233638
45.92828993666432
49.93560872624912
40.11907107670655
57.10492610837439
79.73166783954962
113.02513162720163
165.1335679099226
167.46170664380367
168.36432490936136
197.83734177215192
242.0866661024951
249.57153893806182
256.92983903295055
247.54438575080843
227.04240506329114
256.6020635316545
228.70530469717352
220.8451384744208
231.1437539610677
203.44222279489745
219.0892329345531
196.7214911141727
186.4953275316926
225.29969001199314
204.40375365493455
216.72528572319368
205.76687526167166
196.70951727701123
184.37025316455694
188.9829113924051
187.04683544303793
189.69246118351316
180.11234688703664
181.33260716795502
201.0442726633872
189.55583489161992
171.26068072082245
185.67616741809914
145.26036542515814
160.78468025298667
130.16630758693088
132.08759885070765
153.91735769501054
113.2416249321722
112.32531645569621
135.95981230527144
140.1439698815202
118.26874849889253
112.36902781607763
110.20970627218304
133.77326046796077
128.92431460591177
127.22518836119094
133.0693391568891
146.73498644338125
196.1030415590168
166.6692847124825
181.30194097799307
177.69649614576034
213.78777582409376
184.74876043170627
217.55800210526107
197.90707569606798
171.31954552191579
199.79894810659187
197.35877286484094
157.89909337860783
160.7623729238946
124.69476179227874
114.92209640510814
95.29368863955119
93.72819074333802
88.56661991584852
88.59319775596073
