74.47861150070126
67.26075145788737
63.563132022471905
55.551685393258424
60.06959269662921
59.22801966292135
55.75435393258427
47.38609550561798
43.85912921348314
43.853370786516855
45.322823033707856
33.21500173711181
31.272120786516858
34.838623595505624
30.96952247191011
37.354269786857984
33.25316455696203
42.88101265822785
46.47060369324508
40.75840867992767
35.01871921182266
37.42322308233638
45.92828993666432
45.43560872624912
49.61907107670655
44.10492610837439
77.23166783954962
110.02513162720163
168.1335679099226
172.46170664380367
199.86432490936136
217.33734177215192
242.0866661024951
214.07153893806182
249.42983903295058
210.04438575080843
256.04240506329114
231.1020635316545
241.70530469717352
217.3451384744208
225.6437539610677
202.94222279489745
224.5892329345531
218.2214911141727
223.4953275316926
214.29969001199314
236.40375365493455
225.22528572319368
220.76687526167166
181.70951727701123
188.87025316455694
198.9829113924051
204.54683544303793
206.19246118351316
173.61234688703664
192.83260716795502
190.5442726633872
156.05583489161992
180.26068072082245
180.17616741809914
177.26036542515814
156.28468025298667
146.66630758693134
141.08759885070765
153.91735769501054
129.24162493217221
141.82531645569622
136.95981230527144
132.1439698815202
139.26874849889253
116.86902781607763
133.20970627218304
121.27326046796075
132.92431460591177
132.72518836119093
157.5693391568891
185.23498644338125
173.6030415590168
197.6692847124825
163.80194097799307
185.19649614576034
201.78777582409376
223.24876043170627
236.55800210526107
217.40707569606798
168.81954552191579
206.29894810659187
190.35877286484094
168.89909337860783
132.7623729238946
122.19476179227874
113.42209640510814
112.79368863955119
106.72819074333802
90.06661991584852
80.59319775596073
