81.97861150070126
54.760751457887366
69.5631320224719
57.551685393258424
45.06959269662921
48.72801966292135
50.25435393258427
44.88609550561798
43.35912921348314
37.353370786516855
48.822823033707856
32.71500173711181
31.772120786516858
42.838623595505624
30.46952247191011
31.35426978685798
36.25316455696203
40.88101265822785
33.97060369324508
40.75840867992767
32.51871921182266
38.92322308233638
34.42828993666432
42.43560872624912
40.11907107670655
55.60492610837439
64.23166783954962
114.52513162720163
170.1335679099226
155.96170664380367
198.86432490936136
212.83734177215192
233.0866661024951
257.57153893806185
202.42983903295058
255.04438575080843
258.04240506329114
226.6020635316545
217.20530469717352
201.3451384744208
244.6437539610677
231.94222279489745
196.5892329345531
234.7214911141727
214.9953275316926
234.29969001199314
233.90375365493455
210.72528572319368
199.26687526167166
191.70951727701123
196.37025316455694
204.9829113924051
184.54683544303793
180.69246118351316
204.11234688703664
169.33260716795502
187.0442726633872
175.55583489161992
159.76068072082245
162.67616741809914
177.76036542515814
134.28468025298667
141.66630758693123
130.08759885070765
132.41735769501054
135.74162493217221
133.32531645569622
109.95981230527143
122.64396988152022
131.76874849889253
111.36902781607763
141.20970627218304
132.77326046796077
127.92431460591176
151.22518836119093
149.5693391568891
164.73498644338125
194.1030415590168
197.6692847124825
182.80194097799307
194.69649614576034
210.28777582409376
206.24876043170627
208.55800210526107
206.90707569606798
168.31954552191579
203.29894810659187
159.35877286484094
165.89909337860783
152.7623729238946
123.69476179227874
117.42209640510814
93.79368863955119
92.72819074333802
82.56661991584852
69.09319775596073
