76.97861150070126
73.26075145788737
67.0631320224719
62.551685393258424
49.56959269662921
54.22801966292135
53.75435393258427
52.88609550561798
52.35912921348314
36.353370786516855
33.322823033707856
34.21500173711181
38.27212078651686
41.838623595505624
40.46952247191011
33.854269786857984
33.25316455696203
32.88101265822785
31.97060369324508
46.75840867992767
41.01871921182266
39.92322308233638
42.92828993666432
34.43560872624912
42.11907107670655
42.60492610837439
79.23166783954962
124.52513162720163
134.6335679099226
167.46170664380367
200.86432490936136
205.33734177215192
230.5866661024951
214.57153893806182
248.92983903295058
208.04438575080843
244.54240506329114
248.1020635316545
251.20530469717352
210.3451384744208
215.6437539610677
208.94222279489745
191.0892329345531
203.2214911141727
184.4953275316926
236.29969001199314
208.40375365493455
231.72528572319368
195.76687526167166
213.20951727701123
168.87025316455694
180.4829113924051
193.04683544303793
184.19246118351316
181.11234688703664
209.33260716795502
169.5442726633872
192.05583489161992
155.26068072082245
157.67616741809914
179.76036542515814
151.28468025298667
159.66630758693174
136.08759885070765
153.41735769501054
127.2416249321722
117.32531645569621
116.45981230527143
133.6439698815202
112.26874849889253
119.86902781607763
137.70970627218304
124.27326046796075
145.92431460591177
143.22518836119093
149.0693391568891
182.73498644338125
182.6030415590168
168.6692847124825
193.80194097799307
197.19649614576034
216.78777582409376
209.74876043170627
205.55800210526107
179.90707569606798
192.31954552191579
183.79894810659187
155.35877286484094
183.39909337860783
133.7623729238946
126.19476179227874
126.42209640510814
119.29368863955119
98.72819074333802
76.56661991584852
72.59319775596073
