61.47861150070126
69.26075145788737
61.063132022471905
47.551685393258424
44.56959269662921
43.72801966292135
48.75435393258427
41.38609550561798
50.85912921348314
51.353370786516855
44.822823033707856
48.21500173711181
33.27212078651686
42.838623595505624
29.46952247191011
40.354269786857984
45.75316455696203
33.38101265822785
40.97060369324508
43.75840867992767
35.51871921182266
39.42322308233638
49.92828993666432
51.43560872624912
43.11907107670655
60.60492610837439
82.23166783954962
113.52513162720163
169.6335679099226
177.96170664380367
179.86432490936136
228.83734177215192
203.0866661024951
220.07153893806182
254.92983903295058
243.04438575080843
234.04240506329114
247.1020635316545
227.20530469717352
219.3451384744208
228.6437539610677
204.44222279489745
208.0892329345531
225.7214911141727
189.4953275316926
226.79969001199314
196.40375365493455
189.22528572319368
228.76687526167166
209.20951727701123
192.37025316455694
166.4829113924051
178.04683544303793
199.19246118351316
199.11234688703664
204.83260716795502
190.0442726633872
193.05583489161992
157.76068072082245
164.17616741809914
152.76036542515814
172.28468025298667
164.66630758693185
147.58759885070765
134.41735769501054
128.24162493217221
113.82531645569621
120.45981230527143
130.6439698815202
109.26874849889253
135.36902781607762
119.20970627218304
120.77326046796075
127.42431460591176
142.72518836119093
152.5693391568891
145.23498644338125
179.1030415590168
169.6692847124825
178.30194097799307
207.69649614576034
176.28777582409376
225.24876043170627
193.55800210526107
187.40707569606798
170.81954552191579
189.29894810659187
169.85877286484094
161.89909337860783
133.2623729238946
113.69476179227874
106.42209640510814
101.79368863955119
97.22819074333802
82.56661991584852
69.09319775596073
