69.97861150070126
57.260751457887366
54.563132022471905
60.051685393258424
57.06959269662921
59.72801966292135
52.25435393258427
52.38609550561798
48.85912921348314
41.853370786516855
36.322823033707856
41.21500173711181
40.77212078651686
40.838623595505624
35.46952247191011
29.35426978685798
29.753164556962027
30.881012658227853
37.97060369324508
35.75840867992767
37.01871921182266
35.42322308233638
49.92828993666432
39.93560872624912
51.61907107670655
52.10492610837439
63.731667839549615
110.52513162720163
141.1335679099226
160.46170664380367
164.36432490936136
230.33734177215192
252.5866661024951
259.57153893806185
256.42983903295055
215.54438575080843
209.04240506329114
205.6020635316545
261.7053046971735
204.3451384744208
226.1437539610677
234.44222279489745
191.5892329345531
194.7214911141727
226.9953275316926
227.79969001199314
208.40375365493455
194.72528572319368
179.26687526167166
214.20951727701123
173.87025316455694
199.4829113924051
182.54683544303793
188.69246118351316
187.11234688703664
167.33260716795502
198.5442726633872
170.55583489161992
157.26068072082245
181.17616741809914
145.76036542515814
171.28468025298667
162.6663075869318
153.58759885070765
140.91735769501054
121.2416249321722
115.82531645569621
112.45981230527143
107.64396988152022
126.76874849889253
110.86902781607763
122.20970627218304
147.77326046796077
133.92431460591177
155.22518836119093
152.0693391568891
178.23498644338125
190.6030415590168
170.1692847124825
159.80194097799307
172.19649614576034
174.28777582409376
223.24876043170627
241.55800210526107
227.90707569606798
209.31954552191579
174.29894810659187
177.85877286484094
179.89909337860783
150.7623729238946
143.69476179227874
118.42209640510814
113.79368863955119
104.22819074333802
91.06661991584852
90.59319775596073
