62.47861150070126
73.76075145788737
66.5631320224719
47.551685393258424
51.56959269662921
49.22801966292135
49.75435393258427
45.88609550561798
41.85912921348314
51.853370786516855
42.322823033707856
32.21500173711181
30.272120786516858
36.838623595505624
34.46952247191011
42.854269786857984
42.75316455696203
36.38101265822785
45.47060369324508
42.25840867992767
37.01871921182266
36.92322308233638
35.92828993666432
45.93560872624912
52.61907107670655
46.10492610837439
71.23166783954962
121.02513162720163
137.1335679099226
161.96170664380367
199.36432490936136
212.33734177215192
238.0866661024951
227.57153893806182
243.42983903295058
227.04438575080843
223.54240506329114
256.1020635316545
256.2053046971735
253.8451384744208
238.6437539610677
237.94222279489745
202.0892329345531
228.2214911141727
191.4953275316926
190.29969001199314
231.40375365493455
192.72528572319368
209.76687526167166
193.20951727701123
199.37025316455694
180.9829113924051
178.04683544303793
162.19246118351316
173.61234688703664
164.83260716795502
173.5442726633872
158.05583489161992
188.76068072082245
150.17616741809914
167.26036542515814
145.28468025298667
162.6663075869318
153.08759885070765
120.41735769501052
128.74162493217221
139.82531645569622
108.45981230527143
132.1439698815202
109.26874849889253
129.36902781607762
126.20970627218304
134.27326046796077
136.92431460591177
142.22518836119093
151.0693391568891
154.73498644338125
179.1030415590168
185.1692847124825
198.80194097799307
207.69649614576034
190.78777582409376
228.24876043170627
240.05800210526107
190.40707569606798
182.31954552191579
189.79894810659187
176.35877286484094
154.39909337860783
158.7623729238946
136.69476179227874
106.92209640510814
105.79368863955119
106.22819074333802
99.06661991584852
66.59319775596073
