67.97861150070126
67.76075145788737
50.063132022471905
54.051685393258424
63.56959269662921
52.72801966292135
41.75435393258427
41.88609550561798
41.85912921348314
45.353370786516855
44.322823033707856
35.71500173711181
40.77212078651686
28.338623595505624
28.96952247191011
29.35426978685798
43.25316455696203
41.88101265822785
33.47060369324508
42.25840867992767
34.01871921182266
47.42322308233638
37.42828993666432
49.43560872624912
51.11907107670655
59.60492610837439
63.731667839549615
116.52513162720163
173.1335679099226
165.96170664380367
170.86432490936136
228.83734177215192
234.5866661024951
242.07153893806182
237.92983903295058
234.04438575080843
258.54240506329114
251.1020635316545
256.2053046971735
249.3451384744208
243.1437539610677
192.94222279489745
192.5892329345531
187.2214911141727
229.4953275316926
227.79969001199314
211.90375365493455
205.72528572319368
182.26687526167166
207.70951727701123
211.87025316455694
171.9829113924051
177.04683544303793
200.69246118351316
189.11234688703664
174.33260716795502
178.0442726633872
179.05583489161992
147.76068072082245
155.67616741809914
174.76036542515814
155.28468025298667
162.1663075869318
122.08759885070765
119.41735769501052
118.2416249321722
130.82531645569622
121.95981230527143
136.6439698815202
123.26874849889253
110.86902781607763
141.20970627218304
122.27326046796075
126.92431460591176
133.72518836119093
150.5693391568891
147.73498644338125
175.6030415590168
203.1692847124825
167.80194097799307
202.69649614576034
182.78777582409376
205.24876043170627
229.55800210526107
224.90707569606798
183.31954552191579
177.79894810659187
190.35877286484094
162.89909337860783
129.7623729238946
146.19476179227874
118.92209640510814
104.29368863955119
88.22819074333802
82.56661991584852
78.09319775596073
