77.47861150070126
68.26075145788737
69.5631320224719
61.551685393258424
52.06959269662921
57.22801966292135
55.75435393258427
42.88609550561798
50.35912921348314
42.353370786516855
37.822823033707856
38.21500173711181
37.27212078651686
30.338623595505624
28.96952247191011
38.854269786857984
38.25316455696203
34.38101265822785
43.97060369324508
40.25840867992767
33.01871921182266
36.42322308233638
49.92828993666432
44.43560872624912
50.11907107670655
49.60492610837439
75.73166783954962
112.02513162720163
143.1335679099226
181.46170664380367
168.36432490936136
183.33734177215192
201.0866661024951
212.07153893806182
203.92983903295058
227.04438575080843
245.04240506329114
245.6020635316545
217.70530469717352
230.3451384744208
232.6437539610677
243.44222279489745
209.5892329345531
235.2214911141727
228.9953275316926
198.29969001199314
198.90375365493455
190.22528572319368
190.26687526167166
203.70951727701123
203.87025316455694
168.9829113924051
204.04683544303793
182.69246118351316
186.11234688703664
186.33260716795502
169.0442726633872
167.05583489161992
168.76068072082245
162.17616741809914
173.26036542515814
152.28468025298667
128.16630758693083
142.58759885070765
136.41735769501054
142.74162493217221
137.32531645569622
114.95981230527143
118.64396988152022
122.76874849889253
115.36902781607763
141.20970627218304
127.77326046796075
145.42431460591177
146.72518836119093
150.5693391568891
162.23498644338125
197.1030415590168
195.1692847124825
179.30194097799307
183.19649614576034
207.78777582409376
188.74876043170627
222.05800210526107
184.40707569606798
189.31954552191579
172.79894810659187
184.85877286484094
177.89909337860783
165.2623729238946
115.69476179227874
109.42209640510814
95.79368863955119
88.72819074333802
83.56661991584852
71.59319775596073
