70.47861150070126
64.76075145788737
60.063132022471905
66.05168539325842
48.06959269662921
47.22801966292135
52.75435393258427
41.38609550561798
51.35912921348314
45.353370786516855
33.322823033707856
40.71500173711181
33.27212078651686
39.338623595505624
33.46952247191011
30.35426978685798
32.25316455696203
40.38101265822785
34.97060369324508
42.25840867992767
36.01871921182266
41.42322308233638
40.92828993666432
47.43560872624912
40.61907107670655
60.10492610837439
80.23166783954962
132.52513162720163
150.1335679099226
174.96170664380367
193.86432490936136
194.33734177215192
224.0866661024951
209.07153893806182
219.42983903295058
213.04438575080843
236.04240506329114
208.1020635316545
260.2053046971735
227.3451384744208
208.6437539610677
192.44222279489745
220.0892329345531
206.7214911141727
193.4953275316926
190.29969001199314
189.40375365493455
198.72528572319368
209.26687526167166
201.20951727701123
178.87025316455694
204.4829113924051
190.54683544303793
179.69246118351316
166.61234688703664
200.83260716795502
184.0442726633872
198.55583489161992
153.26068072082245
184.17616741809914
147.26036542515814
173.28468025298667
158.16630758693168
132.08759885070765
136.91735769501054
114.2416249321722
140.32531645569622
123.45981230527143
129.6439698815202
124.76874849889253
114.36902781607763
135.20970627218304
138.27326046796077
137.92431460591177
124.22518836119094
161.0693391568891
148.23498644338125
170.6030415590168
169.1692847124825
179.80194097799307
187.19649614576034
219.28777582409376
204.24876043170627
199.05800210526107
186.40707569606798
189.81954552191579
200.79894810659187
157.35877286484094
156.39909337860783
155.2623729238946
115.19476179227874
109.92209640510814
104.79368863955119
87.72819074333802
93.56661991584852
87.09319775596073
