79.97861150070126
70.76075145788737
52.063132022471905
65.55168539325842
48.56959269662921
55.72801966292135
44.75435393258427
49.38609550561798
41.85912921348314
40.353370786516855
40.822823033707856
38.71500173711181
40.27212078651686
31.338623595505624
35.46952247191011
38.354269786857984
46.25316455696203
41.38101265822785
40.97060369324508
42.75840867992767
45.01871921182266
45.42322308233638
42.92828993666432
46.43560872624912
38.11907107670655
42.60492610837439
73.23166783954962
115.52513162720163
142.6335679099226
161.46170664380367
163.86432490936136
215.83734177215192
211.0866661024951
219.57153893806182
250.92983903295058
223.04438575080843
212.04240506329114
252.1020635316545
258.2053046971735
251.3451384744208
214.6437539610677
215.44222279489745
226.5892329345531
233.7214911141727
210.9953275316926
203.29969001199314
217.40375365493455
235.22528572319368
221.26687526167166
180.20951727701123
204.37025316455694
195.4829113924051
195.54683544303793
166.19246118351316
202.11234688703664
205.83260716795502
193.5442726633872
162.05583489161992
154.26068072082245
183.67616741809914
178.76036542515814
152.78468025298667
147.6663075869314
131.08759885070765
151.41735769501054
114.7416249321722
112.32531645569621
133.45981230527144
136.1439698815202
129.26874849889253
115.36902781607763
118.70970627218304
124.27326046796075
136.92431460591177
121.72518836119094
144.0693391568891
169.23498644338125
182.1030415590168
169.6692847124825
172.80194097799307
174.19649614576034
208.28777582409376
196.74876043170627
209.55800210526107
200.90707569606798
185.31954552191579
187.29894810659187
183.85877286484094
172.89909337860783
161.7623729238946
134.19476179227874
121.92209640510814
114.29368863955119
93.72819074333802
74.56661991584852
69.09319775596073
