81.97861150070126
74.26075145788737
71.0631320224719
60.551685393258424
56.06959269662921
55.72801966292135
49.75435393258427
47.88609550561798
48.35912921348314
51.353370786516855
35.822823033707856
48.71500173711181
37.27212078651686
30.338623595505624
41.46952247191011
34.354269786857984
44.75316455696203
38.88101265822785
34.47060369324508
48.25840867992767
40.51871921182266
36.42322308233638
41.92828993666432
37.43560872624912
46.11907107670655
56.10492610837439
74.73166783954962
125.52513162720163
144.6335679099226
179.46170664380367
189.86432490936136
199.83734177215192
206.5866661024951
232.07153893806182
233.42983903295058
229.54438575080843
203.54240506329114
212.1020635316545
215.20530469717352
205.3451384744208
211.6437539610677
203.44222279489745
215.5892329345531
207.7214911141727
187.4953275316926
187.29969001199314
236.40375365493455
217.72528572319368
195.76687526167166
190.70951727701123
168.87025316455694
169.9829113924051
205.04683544303793
186.69246118351316
190.61234688703664
169.83260716795502
190.5442726633872
194.55583489161992
187.26068072082245
166.17616741809914
171.26036542515814
167.28468025298667
160.66630758693174
137.58759885070765
133.91735769501054
121.2416249321722
112.32531645569621
115.45981230527143
115.64396988152022
135.26874849889253
135.86902781607762
128.20970627218304
148.77326046796077
146.42431460591177
131.72518836119093
138.0693391568891
178.73498644338125
186.1030415590168
192.6692847124825
193.80194097799307
167.69649614576034
205.78777582409376
187.24876043170627
209.55800210526107
221.90707569606798
199.81954552191579
181.79894810659187
163.35877286484094
149.39909337860783
161.2623729238946
146.69476179227874
110.42209640510814
105.79368863955119
87.22819074333802
98.56661991584852
73.09319775596073
