76.97861150070126
56.260751457887366
69.0631320224719
54.551685393258424
47.56959269662921
55.72801966292135
41.75435393258427
39.88609550561798
38.35912921348314
38.853370786516855
49.822823033707856
48.21500173711181
34.77212078651686
35.338623595505624
42.46952247191011
37.854269786857984
41.75316455696203
35.88101265822785
42.47060369324508
42.25840867992767
49.01871921182266
51.42322308233638
51.42828993666432
39.43560872624912
42.11907107670655
60.10492610837439
64.23166783954962
134.02513162720163
169.6335679099226
158.46170664380367
195.36432490936136
189.33734177215192
223.0866661024951
219.57153893806182
206.42983903295058
257.54438575080843
242.54240506329114
234.6020635316545
235.70530469717352
231.8451384744208
212.1437539610677
195.94222279489745
233.5892329345531
210.7214911141727
196.4953275316926
213.79969001199314
202.40375365493455
228.22528572319368
180.76687526167166
176.70951727701123
193.87025316455694
191.9829113924051
193.54683544303793
178.19246118351316
188.61234688703664
189.83260716795502
175.0442726633872
190.55583489161992
162.26068072082245
169.67616741809914
175.76036542515814
170.78468025298667
144.16630758693128
127.58759885070765
142.41735769501054
145.74162493217221
130.32531645569622
118.95981230527143
138.1439698815202
117.26874849889253
109.36902781607763
133.70970627218304
147.77326046796077
116.92431460591176
141.72518836119093
169.5693391568891
157.23498644338125
180.1030415590168
207.1692847124825
181.80194097799307
201.19649614576034
185.78777582409376
204.74876043170627
203.55800210526107
207.40707569606798
193.31954552191579
186.79894810659187
189.85877286484094
182.39909337860783
158.2623729238946
137.19476179227874
128.42209640510814
104.29368863955119
83.72819074333802
98.06661991584852
76.59319775596073
