66.47861150070126
63.760751457887366
66.0631320224719
50.551685393258424
64.0695926966292
58.22801966292135
43.75435393258427
47.38609550561798
38.85912921348314
48.853370786516855
46.322823033707856
37.71500173711181
29.772120786516858
36.338623595505624
39.96952247191011
28.35426978685798
37.25316455696203
38.88101265822785
45.97060369324508
41.75840867992767
39.51871921182266
46.42322308233638
36.92828993666432
35.93560872624912
36.11907107670655
53.60492610837439
76.23166783954962
129.02513162720163
138.6335679099226
187.46170664380367
191.36432490936136
225.83734177215192
238.0866661024951
217.07153893806182
220.92983903295058
206.04438575080843
248.54240506329114
250.6020635316545
253.70530469717352
219.8451384744208
230.1437539610677
221.44222279489745
231.5892329345531
215.2214911141727
186.4953275316926
236.29969001199314
227.90375365493455
185.22528572319368
204.76687526167166
210.20951727701123
186.37025316455694
166.9829113924051
191.04683544303793
201.69246118351316
209.11234688703664
171.33260716795502
195.5442726633872
178.55583489161992
158.26068072082245
187.67616741809914
156.26036542515814
168.28468025298667
143.66630758693128
133.58759885070765
144.91735769501054
122.2416249321722
115.82531645569621
130.95981230527144
136.6439698815202
136.76874849889253
134.86902781607762
127.20970627218304
141.77326046796077
144.42431460591177
135.22518836119093
140.0693391568891
184.23498644338125
184.1030415590168
171.6692847124825
189.80194097799307
172.19649614576034
173.78777582409376
192.74876043170627
238.55800210526107
226.90707569606798
201.31954552191579
202.79894810659187
170.35877286484094
185.39909337860783
152.2623729238946
129.69476179227874
133.92209640510814
108.79368863955119
93.22819074333802
99.06661991584852
80.09319775596073
