71.47861150070126
53.260751457887366
56.563132022471905
48.551685393258424
61.56959269662921
58.72801966292135
49.25435393258427
38.38609550561798
44.85912921348314
39.353370786516855
35.822823033707856
49.21500173711181
35.77212078651686
31.338623595505624
37.46952247191011
37.354269786857984
37.25316455696203
29.381012658227853
45.97060369324508
44.25840867992767
40.51871921182266
46.92322308233638
36.42828993666432
49.43560872624912
52.61907107670655
58.10492610837439
81.73166783954962
140.52513162720163
137.6335679099226
155.96170664380367
165.86432490936136
212.83734177215192
207.0866661024951
231.07153893806182
213.92983903295058
217.54438575080843
204.54240506329114
255.1020635316545
225.20530469717352
221.8451384744208
236.6437539610677
203.94222279489745
204.5892329345531
187.2214911141727
231.9953275316926
203.79969001199314
207.90375365493455
199.72528572319368
207.26687526167166
178.20951727701123
185.37025316455694
171.9829113924051
195.04683544303793
191.19246118351316
173.61234688703664
185.33260716795502
164.5442726633872
183.55583489161992
170.76068072082245
174.17616741809914
179.76036542515814
165.28468025298667
153.66630758693157
134.58759885070765
146.41735769501054
132.74162493217221
143.82531645569622
123.45981230527143
118.64396988152022
122.26874849889253
137.86902781607762
125.20970627218304
145.77326046796077
118.42431460591176
131.22518836119093
163.0693391568891
147.23498644338125
182.6030415590168
170.1692847124825
168.80194097799307
198.19649614576034
215.78777582409376
201.24876043170627
234.55800210526107
219.90707569606798
191.31954552191579
178.79894810659187
182.35877286484094
158.89909337860783
132.7623729238946
113.69476179227874
113.92209640510814
92.29368863955119
96.22819074333802
83.56661991584852
74.09319775596073
