65.97861150070126
53.260751457887366
61.563132022471905
63.051685393258424
51.56959269662921
45.22801966292135
43.75435393258427
37.88609550561798
51.35912921348314
40.353370786516855
36.322823033707856
48.21500173711181
33.77212078651686
43.838623595505624
41.96952247191011
36.354269786857984
37.75316455696203
40.38101265822785
33.47060369324508
41.75840867992767
33.51871921182266
51.42322308233638
45.92828993666432
51.93560872624912
36.61907107670655
46.10492610837439
84.73166783954962
113.52513162720163
155.1335679099226
146.96170664380367
206.86432490936136
203.83734177215192
201.0866661024951
212.07153893806182
241.92983903295058
237.54438575080843
246.04240506329114
226.1020635316545
239.70530469717352
238.8451384744208
213.6437539610677
242.94222279489745
224.0892329345531
213.2214911141727
225.4953275316926
212.29969001199314
234.90375365493455
216.22528572319368
179.76687526167166
201.70951727701123
198.87025316455694
184.4829113924051
181.04683544303793
199.19246118351316
190.61234688703664
205.33260716795502
198.0442726633872
194.05583489161992
181.76068072082245
174.67616741809914
145.76036542515814
161.28468025298667
149.66630758693145
153.58759885070765
152.91735769501054
122.7416249321722
118.32531645569621
123.45981230527143
108.64396988152022
122.26874849889253
125.36902781607763
116.20970627218304
119.77326046796075
122.92431460591176
144.72518836119093
144.5693391568891
183.73498644338125
163.1030415590168
187.6692847124825
159.80194097799307
209.69649614576034
177.28777582409376
185.74876043170627
199.05800210526107
189.90707569606798
196.31954552191579
171.79894810659187
178.35877286484094
178.39909337860783
163.7623729238946
117.69476179227874
122.42209640510814
120.79368863955119
107.72819074333802
88.06661991584852
87.59319775596073
