72.47861150070126
69.26075145788737
65.5631320224719
54.551685393258424
46.06959269662921
49.72801966292135
43.25435393258427
37.88609550561798
51.85912921348314
44.353370786516855
42.322823033707856
38.71500173711181
44.27212078651686
43.838623595505624
30.46952247191011
34.354269786857984
45.25316455696203
33.38101265822785
37.47060369324508
40.25840867992767
33.51871921182266
41.92322308233638
43.92828993666432
43.43560872624912
51.11907107670655
49.60492610837439
66.73166783954962
124.52513162720163
150.6335679099226
156.96170664380367
187.36432490936136
195.83734177215192
229.0866661024951
258.07153893806185
254.92983903295058
231.04438575080843
235.04240506329114
252.1020635316545
224.20530469717352
230.3451384744208
233.6437539610677
207.94222279489745
236.0892329345531
230.2214911141727
222.9953275316926
189.29969001199314
224.40375365493455
216.72528572319368
181.76687526167166
204.20951727701123
185.37025316455694
179.9829113924051
199.54683544303793
186.69246118351316
187.61234688703664
175.33260716795502
179.0442726633872
198.05583489161992
152.26068072082245
163.17616741809914
164.76036542515814
142.78468025298667
150.16630758693145
124.58759885070765
134.41735769501054
134.74162493217221
122.82531645569621
120.95981230527143
120.14396988152022
135.26874849889253
136.86902781607762
109.20970627218304
144.77326046796077
141.42431460591177
144.22518836119093
151.5693391568891
158.23498644338125
157.1030415590168
181.1692847124825
157.80194097799307
172.19649614576034
207.78777582409376
203.24876043170627
197.55800210526107
210.90707569606798
172.81954552191579
199.79894810659187
170.85877286484094
186.39909337860783
144.2623729238946
121.19476179227874
122.42209640510814
102.29368863955119
110.22819074333802
80.56661991584852
75.09319775596073
