72.47861150070126
63.260751457887366
66.5631320224719
60.551685393258424
50.06959269662921
51.22801966292135
46.25435393258427
45.38609550561798
50.35912921348314
39.353370786516855
40.822823033707856
43.71500173711181
33.27212078651686
29.838623595505624
43.46952247191011
38.854269786857984
32.25316455696203
41.88101265822785
41.47060369324508
45.75840867992767
44.51871921182266
41.92322308233638
44.42828993666432
39.93560872624912
39.11907107670655
45.60492610837439
63.231667839549615
138.52513162720163
136.6335679099226
149.46170664380367
164.36432490936136
185.33734177215192
234.0866661024951
253.07153893806182
217.42983903295058
206.54438575080843
212.04240506329114
224.1020635316545
249.20530469717352
220.3451384744208
247.1437539610677
237.44222279489745
198.0892329345531
225.2214911141727
191.4953275316926
219.29969001199314
200.40375365493455
207.22528572319368
211.26687526167166
205.20951727701123
182.87025316455694
194.4829113924051
187.54683544303793
163.69246118351316
207.61234688703664
185.83260716795502
164.0442726633872
179.05583489161992
180.76068072082245
148.67616741809914
172.76036542515814
138.78468025298667
153.16630758693154
141.58759885070765
127.91735769501052
141.24162493217221
132.32531645569622
124.95981230527143
125.64396988152022
113.26874849889253
137.36902781607762
116.20970627218304
123.27326046796075
123.92431460591176
152.22518836119093
154.0693391568891
154.23498644338125
197.6030415590168
178.6692847124825
198.30194097799307
178.19649614576034
175.78777582409376
206.24876043170627
193.05800210526107
198.40707569606798
167.31954552191579
163.79894810659187
182.85877286484094
175.39909337860783
130.7623729238946
128.69476179227874
129.42209640510814
121.79368863955119
96.72819074333802
77.56661991584852
83.09319775596073
