70.47861150070126
69.76075145788737
70.0631320224719
64.55168539325842
54.56959269662921
50.72801966292135
48.75435393258427
42.88609550561798
39.85912921348314
43.353370786516855
32.822823033707856
44.71500173711181
43.77212078651686
31.338623595505624
41.96952247191011
28.85426978685798
30.753164556962027
36.38101265822785
43.47060369324508
46.25840867992767
34.51871921182266
51.42322308233638
34.42828993666432
48.93560872624912
38.61907107670655
54.10492610837439
66.23166783954962
136.02513162720163
148.6335679099226
171.96170664380367
172.36432490936136
217.83734177215192
229.5866661024951
211.57153893806182
222.42983903295058
252.54438575080843
212.54240506329114
207.1020635316545
246.20530469717352
233.3451384744208
231.1437539610677
193.94222279489745
193.5892329345531
225.2214911141727
232.4953275316926
196.29969001199314
199.40375365493455
233.22528572319368
211.26687526167166
221.20951727701123
170.37025316455694
201.9829113924051
208.04683544303793
168.19246118351316
204.11234688703664
188.83260716795502
190.5442726633872
164.05583489161992
158.76068072082245
173.67616741809914
142.76036542515814
145.28468025298667
133.666307586931
139.58759885070765
140.91735769501054
136.74162493217221
123.32531645569621
114.95981230527143
116.64396988152022
140.26874849889253
132.36902781607762
124.70970627218304
124.77326046796075
126.42431460591176
133.22518836119093
146.0693391568891
181.73498644338125
169.1030415590168
202.1692847124825
180.30194097799307
199.19649614576034
186.28777582409376
222.24876043170627
204.05800210526107
190.40707569606798
185.31954552191579
184.29894810659187
182.85877286484094
154.89909337860783
150.2623729238946
133.69476179227874
108.92209640510814
101.29368863955119
97.72819074333802
81.06661991584852
66.09319775596073
