72.97861150070126
65.76075145788737
63.063132022471905
62.051685393258424
61.56959269662921
49.22801966292135
43.25435393258427
38.88609550561798
35.85912921348314
38.353370786516855
32.822823033707856
38.21500173711181
29.772120786516858
28.838623595505624
41.46952247191011
40.854269786857984
36.75316455696203
36.88101265822785
43.97060369324508
38.25840867992767
38.01871921182266
35.42322308233638
33.92828993666432
41.43560872624912
46.61907107670655
61.10492610837439
78.73166783954962
140.52513162720163
141.1335679099226
184.46170664380367
173.36432490936136
229.83734177215192
215.5866661024951
228.07153893806182
225.42983903295058
244.04438575080843
238.54240506329114
238.1020635316545
208.20530469717352
205.3451384744208
229.6437539610677
195.44222279489745
197.5892329345531
212.7214911141727
216.4953275316926
199.29969001199314
204.40375365493455
220.72528572319368
211.76687526167166
208.20951727701123
201.87025316455694
207.4829113924051
200.04683544303793
163.69246118351316
165.11234688703664
166.83260716795502
167.0442726633872
192.05583489161992
164.76068072082245
189.67616741809914
173.26036542515814
138.28468025298667
155.1663075869316
152.58759885070765
133.91735769501054
114.7416249321722
126.82531645569621
137.45981230527144
140.6439698815202
120.76874849889253
118.36902781607763
131.70970627218304
130.27326046796077
137.92431460591177
121.72518836119094
133.5693391568891
178.23498644338125
166.6030415590168
176.6692847124825
188.30194097799307
190.69649614576034
174.78777582409376
202.74876043170627
194.05800210526107
219.90707569606798
188.81954552191579
177.79894810659187
162.35877286484094
158.39909337860783
138.7623729238946
113.69476179227874
107.92209640510814
106.29368863955119
90.72819074333802
77.56661991584852
90.59319775596073
