79.47861150070126
56.760751457887366
61.063132022471905
50.051685393258424
62.06959269662921
54.72801966292135
49.25435393258427
41.88609550561798
49.85912921348314
46.853370786516855
33.322823033707856
40.71500173711181
40.27212078651686
39.338623595505624
34.96952247191011
38.854269786857984
43.25316455696203
43.88101265822785
39.97060369324508
36.75840867992767
49.01871921182266
36.92322308233638
40.42828993666432
45.93560872624912
45.11907107670655
54.10492610837439
66.23166783954962
117.52513162720163
156.6335679099226
170.96170664380367
165.36432490936136
203.33734177215192
209.0866661024951
234.07153893806182
225.92983903295058
237.54438575080843
223.04240506329114
257.1020635316545
258.2053046971735
233.3451384744208
212.6437539610677
230.44222279489745
213.0892329345531
222.2214911141727
186.4953275316926
186.79969001199314
224.90375365493455
227.22528572319368
227.26687526167166
211.20951727701123
214.37025316455694
176.4829113924051
184.04683544303793
187.69246118351316
176.61234688703664
207.33260716795502
205.0442726633872
189.05583489161992
175.26068072082245
154.67616741809914
143.26036542515814
142.78468025298667
154.66630758693157
155.08759885070765
130.91735769501054
114.2416249321722
114.82531645569621
112.95981230527143
119.64396988152022
126.76874849889253
138.86902781607762
111.20970627218304
131.27326046796077
111.92431460591176
133.72518836119093
169.0693391568891
157.23498644338125
179.6030415590168
168.1692847124825
161.80194097799307
206.69649614576034
208.28777582409376
193.74876043170627
204.05800210526107
186.90707569606798
206.31954552191579
168.79894810659187
183.35877286484094
174.39909337860783
137.7623729238946
133.19476179227874
118.92209640510814
103.29368863955119
103.22819074333802
89.06661991584852
81.59319775596073
