71.97861150070126
53.260751457887366
59.063132022471905
53.051685393258424
55.06959269662921
54.22801966292135
57.25435393258427
51.38609550561798
40.35912921348314
38.853370786516855
45.322823033707856
32.21500173711181
29.772120786516858
35.838623595505624
35.46952247191011
37.354269786857984
38.25316455696203
45.38101265822785
39.97060369324508
40.25840867992767
39.01871921182266
39.42322308233638
38.42828993666432
45.43560872624912
38.11907107670655
52.10492610837439
78.23166783954962
136.52513162720163
136.1335679099226
161.46170664380367
193.86432490936136
185.83734177215192
224.5866661024951
207.57153893806182
203.42983903295058
238.04438575080843
227.54240506329114
204.6020635316545
248.70530469717352
205.3451384744208
219.1437539610677
232.94222279489745
224.5892329345531
222.7214911141727
202.4953275316926
214.79969001199314
195.90375365493455
222.22528572319368
182.26687526167166
191.70951727701123
184.87025316455694
209.9829113924051
184.54683544303793
168.69246118351316
200.11234688703664
203.83260716795502
190.0442726633872
176.05583489161992
163.26068072082245
185.17616741809914
180.76036542515814
156.78468025298667
134.666307586931
137.08759885070765
121.91735769501052
111.2416249321722
111.82531645569621
119.95981230527143
126.64396988152022
132.76874849889253
134.86902781607762
133.20970627218304
146.27326046796077
144.92431460591177
150.22518836119093
156.0693391568891
150.73498644338125
177.1030415590168
200.6692847124825
193.30194097799307
188.69649614576034
189.28777582409376
186.74876043170627
241.05800210526107
221.40707569606798
210.31954552191579
192.29894810659187
177.35877286484094
148.89909337860783
149.7623729238946
140.19476179227874
117.42209640510814
92.79368863955119
103.22819074333802
86.06661991584852
88.09319775596073
