74.97861150070126
63.260751457887366
65.0631320224719
64.55168539325842
56.56959269662921
51.22801966292135
45.25435393258427
48.38609550561798
42.35912921348314
40.853370786516855
43.822823033707856
48.21500173711181
36.27212078651686
29.338623595505624
27.96952247191011
43.854269786857984
37.25316455696203
34.88101265822785
39.97060369324508
35.75840867992767
34.51871921182266
34.42322308233638
42.42828993666432
46.43560872624912
51.11907107670655
43.60492610837439
77.73166783954962
117.02513162720163
166.1335679099226
148.96170664380367
171.36432490936136
194.83734177215192
233.0866661024951
246.57153893806182
252.42983903295058
249.54438575080843
236.54240506329114
218.1020635316545
261.7053046971735
203.8451384744208
226.1437539610677
227.94222279489745
203.0892329345531
198.2214911141727
194.4953275316926
190.79969001199314
195.90375365493455
223.72528572319368
205.26687526167166
206.20951727701123
196.87025316455694
172.4829113924051
191.04683544303793
186.69246118351316
202.61234688703664
205.33260716795502
200.5442726633872
158.55583489161992
152.76068072082245
147.67616741809914
158.76036542515814
172.78468025298667
131.66630758693094
122.08759885070765
123.41735769501052
121.2416249321722
116.32531645569621
126.45981230527143
136.1439698815202
136.76874849889253
127.86902781607763
109.20970627218304
126.27326046796075
135.92431460591177
125.22518836119094
154.0693391568891
148.73498644338125
173.6030415590168
161.6692847124825
188.80194097799307
191.19649614576034
199.28777582409376
192.74876043170627
223.55800210526107
219.40707569606798
165.81954552191579
175.29894810659187
175.35877286484094
170.39909337860783
166.2623729238946
133.69476179227874
118.92209640510814
109.29368863955119
100.72819074333802
96.06661991584852
90.09319775596073
