62.97861150070126
73.76075145788737
69.0631320224719
59.551685393258424
55.56959269662921
59.22801966292135
54.75435393258427
44.88609550561798
47.85912921348314
36.853370786516855
35.822823033707856
45.21500173711181
38.77212078651686
42.338623595505624
41.46952247191011
36.854269786857984
32.75316455696203
44.38101265822785
35.97060369324508
43.25840867992767
43.51871921182266
41.42322308233638
46.42828993666432
37.43560872624912
39.11907107670655
53.60492610837439
63.231667839549615
113.02513162720163
144.6335679099226
180.46170664380367
166.86432490936136
209.33734177215192
208.5866661024951
243.57153893806182
247.42983903295058
219.04438575080843
258.04240506329114
232.6020635316545
243.20530469717352
203.8451384744208
242.1437539610677
243.44222279489745
238.5892329345531
220.7214911141727
186.4953275316926
195.79969001199314
217.40375365493455
197.22528572319368
215.26687526167166
179.70951727701123
210.87025316455694
198.9829113924051
162.54683544303793
200.69246118351316
197.11234688703664
190.83260716795502
196.5442726633872
173.55583489161992
161.76068072082245
156.67616741809914
172.26036542515814
137.78468025298667
132.66630758693094
149.08759885070765
123.41735769501052
139.24162493217221
128.82531645569622
130.45981230527144
125.14396988152022
113.76874849889253
138.86902781607762
109.20970627218304
140.27326046796077
115.42431460591176
147.22518836119093
159.0693391568891
167.73498644338125
189.1030415590168
195.1692847124825
187.80194097799307
205.19649614576034
217.78777582409376
191.24876043170627
216.55800210526107
203.90707569606798
192.81954552191579
180.29894810659187
154.35877286484094
183.39909337860783
153.7623729238946
148.19476179227874
127.92209640510814
105.79368863955119
105.72819074333802
95.06661991584852
83.59319775596073
