65.47861150070126
70.26075145788737
69.5631320224719
63.051685393258424
52.06959269662921
60.22801966292135
44.25435393258427
47.38609550561798
46.85912921348314
45.353370786516855
42.322823033707856
43.21500173711181
45.27212078651686
41.838623595505624
29.46952247191011
34.854269786857984
32.75316455696203
30.881012658227853
38.97060369324508
41.75840867992767
43.51871921182266
48.92322308233638
47.42828993666432
34.43560872624912
37.61907107670655
44.60492610837439
72.23166783954962
130.02513162720163
136.6335679099226
155.96170664380367
187.86432490936136
197.33734177215192
200.5866661024951
211.07153893806182
229.42983903295058
236.54438575080843
236.54240506329114
230.6020635316545
247.20530469717352
208.8451384744208
246.6437539610677
194.44222279489745
223.0892329345531
217.7214911141727
185.9953275316926
195.79969001199314
232.40375365493455
191.22528572319368
194.76687526167166
205.70951727701123
205.37025316455694
177.4829113924051
162.54683544303793
190.69246118351316
163.11234688703664
191.33260716795502
175.5442726633872
160.55583489161992
153.76068072082245
180.17616741809914
174.26036542515814
136.78468025298667
138.6663075869311
137.58759885070765
142.41735769501054
112.7416249321722
137.32531645569622
108.45981230527143
123.14396988152022
121.26874849889253
111.36902781607763
121.70970627218304
131.77326046796077
135.92431460591177
136.72518836119093
146.0693391568891
149.23498644338125
193.6030415590168
193.6692847124825
199.80194097799307
166.69649614576034
187.28777582409376
229.24876043170627
203.05800210526107
209.40707569606798
177.31954552191579
188.79894810659187
165.35877286484094
148.89909337860783
140.7623729238946
129.69476179227874
130.92209640510814
102.29368863955119
85.22819074333802
87.06661991584852
74.09319775596073
