74.47861150070126
64.76075145788737
64.0631320224719
55.051685393258424
58.56959269662921
54.22801966292135
43.75435393258427
54.88609550561798
48.85912921348314
52.853370786516855
34.322823033707856
32.21500173711181
30.272120786516858
31.338623595505624
35.46952247191011
37.854269786857984
43.75316455696203
43.38101265822785
34.47060369324508
41.25840867992767
41.01871921182266
35.92322308233638
39.92828993666432
34.43560872624912
38.61907107670655
52.10492610837439
68.73166783954962
122.52513162720163
135.1335679099226
174.46170664380367
202.86432490936136
209.33734177215192
230.0866661024951
255.07153893806182
245.92983903295058
236.54438575080843
215.04240506329114
228.1020635316545
224.20530469717352
209.3451384744208
222.1437539610677
230.44222279489745
228.5892329345531
230.7214911141727
192.9953275316926
236.29969001199314
214.90375365493455
203.72528572319368
219.26687526167166
206.70951727701123
179.37025316455694
185.9829113924051
198.04683544303793
183.69246118351316
166.61234688703664
197.83260716795502
187.0442726633872
174.05583489161992
179.26068072082245
152.67616741809914
150.76036542515814
148.78468025298667
149.16630758693142
148.58759885070765
147.41735769501054
140.74162493217221
127.82531645569621
110.45981230527143
128.1439698815202
124.76874849889253
107.86902781607763
123.20970627218304
127.77326046796075
133.92431460591177
144.72518836119093
147.0693391568891
166.73498644338125
177.1030415590168
173.6692847124825
164.30194097799307
169.19649614576034
197.28777582409376
194.24876043170627
204.05800210526107
208.40707569606798
165.31954552191579
162.29894810659187
153.85877286484094
182.89909337860783
145.2623729238946
141.69476179227874
114.92209640510814
115.79368863955119
89.72819074333802
89.06661991584852
72.59319775596073
