64.97861150070126
61.260751457887366
60.563132022471905
49.051685393258424
48.56959269662921
55.72801966292135
40.75435393258427
53.38609550561798
40.35912921348314
43.853370786516855
47.322823033707856
46.21500173711181
34.27212078651686
42.838623595505624
33.96952247191011
41.854269786857984
40.25316455696203
33.38101265822785
32.97060369324508
47.75840867992767
40.51871921182266
45.42322308233638
43.42828993666432
38.93560872624912
41.61907107670655
53.60492610837439
61.731667839549615
132.52513162720163
160.6335679099226
169.96170664380367
184.86432490936136
227.33734177215192
207.0866661024951
226.07153893806182
228.42983903295058
231.04438575080843
252.54240506329114
242.1020635316545
259.2053046971735
239.3451384744208
236.1437539610677
243.44222279489745
222.5892329345531
233.2214911141727
199.9953275316926
233.79969001199314
219.40375365493455
214.22528572319368
192.76687526167166
207.70951727701123
206.87025316455694
174.9829113924051
162.54683544303793
169.69246118351316
181.11234688703664
197.33260716795502
185.0442726633872
183.05583489161992
166.26068072082245
155.67616741809914
182.26036542515814
157.28468025298667
131.66630758693094
130.08759885070765
143.91735769501054
138.24162493217221
139.32531645569622
108.95981230527143
120.14396988152022
127.76874849889253
117.36902781607763
138.70970627218304
138.77326046796077
111.92431460591176
143.22518836119093
168.0693391568891
160.23498644338125
162.1030415590168
203.1692847124825
164.30194097799307
211.19649614576034
214.28777582409376
213.74876043170627
196.55800210526107
184.90707569606798
185.81954552191579
190.79894810659187
187.35877286484094
173.89909337860783
136.2623729238946
115.19476179227874
130.42209640510814
105.29368863955119
84.72819074333802
96.06661991584852
83.59319775596073
