72.47861150070126
58.760751457887366
53.063132022471905
46.051685393258424
58.56959269662921
52.22801966292135
43.25435393258427
54.88609550561798
48.35912921348314
50.353370786516855
35.822823033707856
38.21500173711181
38.77212078651686
38.838623595505624
36.46952247191011
40.854269786857984
30.753164556962027
39.38101265822785
39.97060369324508
36.25840867992767
35.01871921182266
42.92322308233638
35.42828993666432
45.93560872624912
52.11907107670655
45.60492610837439
66.73166783954962
124.52513162720163
147.1335679099226
165.96170664380367
201.36432490936136
230.33734177215192
219.0866661024951
262.07153893806185
224.42983903295058
210.54438575080843
226.54240506329114
228.1020635316545
219.20530469717352
225.8451384744208
211.6437539610677
204.44222279489745
198.0892329345531
232.2214911141727
191.9953275316926
229.29969001199314
204.90375365493455
186.22528572319368
221.76687526167166
210.20951727701123
171.37025316455694
187.4829113924051
195.04683544303793
188.19246118351316
193.11234688703664
196.33260716795502
187.0442726633872
196.55583489161992
179.76068072082245
182.67616741809914
163.76036542515814
137.78468025298667
159.1663075869317
121.08759885070765
125.91735769501052
134.24162493217221
124.82531645569621
109.45981230527143
114.14396988152022
110.76874849889253
134.86902781607762
133.20970627218304
141.27326046796077
136.92431460591177
148.22518836119093
163.5693391568891
158.73498644338125
176.6030415590168
182.6692847124825
171.80194097799307
200.19649614576034
198.78777582409376
224.74876043170627
213.55800210526107
194.40707569606798
193.81954552191579
164.29894810659187
183.85877286484094
168.39909337860783
138.2623729238946
136.69476179227874
106.42209640510814
105.79368863955119
106.22819074333802
79.56661991584852
86.59319775596073
