79.97861150070126
61.760751457887366
64.5631320224719
48.051685393258424
61.56959269662921
57.22801966292135
40.75435393258427
40.38609550561798
43.35912921348314
50.353370786516855
40.322823033707856
33.71500173711181
36.27212078651686
28.338623595505624
32.96952247191011
40.354269786857984
32.25316455696203
41.88101265822785
33.47060369324508
44.75840867992767
36.01871921182266
34.42322308233638
43.92828993666432
43.93560872624912
42.61907107670655
46.60492610837439
61.731667839549615
115.02513162720163
146.6335679099226
169.46170664380367
188.86432490936136
225.83734177215192
202.0866661024951
234.57153893806182
235.42983903295058
211.54438575080843
253.54240506329114
232.6020635316545
247.20530469717352
216.8451384744208
233.1437539610677
226.44222279489745
237.5892329345531
234.2214911141727
222.4953275316926
197.29969001199314
223.40375365493455
225.72528572319368
219.26687526167166
186.70951727701123
206.37025316455694
178.4829113924051
179.04683544303793
183.69246118351316
201.11234688703664
181.33260716795502
188.5442726633872
164.55583489161992
190.26068072082245
147.67616741809914
171.76036542515814
137.78468025298667
145.66630758693134
156.58759885070765
152.91735769501054
127.7416249321722
119.82531645569621
135.95981230527144
135.6439698815202
111.26874849889253
109.86902781607763
139.70970627218304
122.77326046796075
120.92431460591176
155.22518836119093
169.5693391568891
149.73498644338125
184.1030415590168
189.1692847124825
192.80194097799307
205.69649614576034
175.28777582409376
222.74876043170627
235.55800210526107
210.40707569606798
182.81954552191579
203.29894810659187
172.35877286484094
170.39909337860783
158.2623729238946
125.19476179227874
129.42209640510814
108.79368863955119
99.72819074333802
79.06661991584852
82.59319775596073
