69.97861150070126
67.76075145788737
67.5631320224719
48.551685393258424
62.56959269662921
52.72801966292135
54.75435393258427
44.88609550561798
36.35912921348314
37.353370786516855
46.322823033707856
33.21500173711181
29.772120786516858
42.338623595505624
42.96952247191011
35.354269786857984
41.25316455696203
39.88101265822785
30.97060369324508
36.75840867992767
38.01871921182266
37.42322308233638
36.42828993666432
49.93560872624912
41.61907107670655
51.10492610837439
74.23166783954962
126.02513162720163
150.1335679099226
172.46170664380367
199.86432490936136
197.83734177215192
247.0866661024951
215.57153893806182
212.42983903295058
222.54438575080843
257.54240506329114
239.1020635316545
247.70530469717352
228.8451384744208
224.6437539610677
227.94222279489745
228.5892329345531
225.2214911141727
223.4953275316926
207.29969001199314
215.90375365493455
203.22528572319368
191.76687526167166
210.70951727701123
188.37025316455694
189.9829113924051
175.04683544303793
167.69246118351316
172.11234688703664
200.83260716795502
196.5442726633872
180.05583489161992
181.26068072082245
165.67616741809914
157.76036542515814
134.78468025298667
139.66630758693117
138.58759885070765
123.91735769501052
133.74162493217221
132.32531645569622
139.45981230527144
112.14396988152022
135.26874849889253
135.36902781607762
126.70970627218304
131.27326046796077
130.92431460591177
123.72518836119094
149.5693391568891
157.23498644338125
201.1030415590168
205.1692847124825
181.80194097799307
170.69649614576034
187.78777582409376
201.24876043170627
196.55800210526107
185.40707569606798
165.31954552191579
203.29894810659187
194.85877286484094
182.89909337860783
134.7623729238946
117.69476179227874
126.92209640510814
117.29368863955119
91.22819074333802
83.06661991584852
71.09319775596073
