78.97861150070126
53.260751457887366
55.563132022471905
59.551685393258424
62.06959269662921
45.22801966292135
43.75435393258427
39.88609550561798
37.85912921348314
44.853370786516855
38.322823033707856
40.21500173711181
37.77212078651686
41.338623595505624
30.46952247191011
37.354269786857984
45.75316455696203
42.38101265822785
34.97060369324508
38.75840867992767
33.51871921182266
45.42322308233638
47.42828993666432
43.93560872624912
43.61907107670655
43.10492610837439
66.23166783954962
135.02513162720163
162.1335679099226
154.46170664380367
205.36432490936136
226.33734177215192
240.0866661024951
208.57153893806182
233.42983903295058
243.54438575080843
253.54240506329114
255.6020635316545
250.20530469717352
232.8451384744208
203.1437539610677
201.44222279489745
211.5892329345531
189.7214911141727
225.4953275316926
195.79969001199314
215.40375365493455
208.22528572319368
217.26687526167166
200.20951727701123
206.37025316455694
200.4829113924051
175.54683544303793
167.19246118351316
190.61234688703664
186.33260716795502
203.0442726633872
193.05583489161992
169.76068072082245
178.17616741809914
154.76036542515814
171.28468025298667
153.16630758693154
153.08759885070765
136.41735769501054
120.7416249321722
139.32531645569622
128.45981230527144
109.64396988152022
115.26874849889253
122.86902781607763
136.70970627218304
139.27326046796077
138.42431460591177
134.22518836119093
168.0693391568891
153.73498644338125
175.1030415590168
205.1692847124825
186.80194097799307
187.69649614576034
186.78777582409376
206.74876043170627
214.55800210526107
226.40707569606798
180.31954552191579
187.29894810659187
195.85877286484094
174.39909337860783
130.2623729238946
144.19476179227874
117.42209640510814
115.29368863955119
95.72819074333802
81.06661991584852
75.59319775596073
