81.97861150070126
62.760751457887366
54.063132022471905
61.551685393258424
57.06959269662921
59.22801966292135
39.25435393258427
38.88609550561798
46.85912921348314
48.353370786516855
41.822823033707856
46.21500173711181
30.772120786516858
29.338623595505624
34.46952247191011
42.354269786857984
44.75316455696203
40.88101265822785
34.47060369324508
38.25840867992767
35.51871921182266
45.92322308233638
47.42828993666432
41.43560872624912
40.61907107670655
43.60492610837439
62.231667839549615
119.02513162720163
156.1335679099226
149.96170664380367
195.86432490936136
220.33734177215192
245.0866661024951
246.07153893806182
230.42983903295058
229.54438575080843
254.54240506329114
220.6020635316545
237.70530469717352
234.8451384744208
215.1437539610677
238.94222279489745
205.0892329345531
201.7214911141727
186.9953275316926
234.29969001199314
195.90375365493455
233.72528572319368
197.76687526167166
200.70951727701123
202.87025316455694
187.9829113924051
168.04683544303793
189.19246118351316
187.11234688703664
208.83260716795502
170.5442726633872
177.55583489161992
178.76068072082245
157.67616741809914
164.76036542515814
141.28468025298667
150.66630758693145
150.08759885070765
148.41735769501054
112.7416249321722
138.32531645569622
123.95981230527143
111.14396988152022
131.26874849889253
132.36902781607762
121.20970627218304
123.77326046796075
119.42431460591176
155.72518836119093
163.0693391568891
160.23498644338125
165.6030415590168
171.1692847124825
174.80194097799307
208.19649614576034
206.78777582409376
211.74876043170627
216.05800210526107
184.90707569606798
195.81954552191579
188.29894810659187
162.35877286484094
169.89909337860783
168.2623729238946
130.19476179227874
101.42209640510814
120.29368863955119
93.22819074333802
86.56661991584852
83.09319775596073
