71.97861150070126
54.260751457887366
59.063132022471905
57.551685393258424
55.06959269662921
57.22801966292135
46.25435393258427
53.88609550561798
48.85912921348314
45.853370786516855
41.822823033707856
33.71500173711181
42.77212078651686
37.338623595505624
39.46952247191011
33.854269786857984
38.75316455696203
31.381012658227853
37.97060369324508
33.75840867992767
33.51871921182266
38.92322308233638
47.92828993666432
43.93560872624912
43.11907107670655
49.10492610837439
62.231667839549615
130.02513162720163
137.1335679099226
178.96170664380367
195.86432490936136
192.33734177215192
234.0866661024951
226.07153893806182
204.42983903295058
235.04438575080843
244.54240506329114
220.6020635316545
256.7053046971735
216.3451384744208
235.6437539610677
223.94222279489745
200.0892329345531
201.2214911141727
216.4953275316926
230.79969001199314
201.40375365493455
223.22528572319368
197.26687526167166
194.20951727701123
186.87025316455694
180.9829113924051
204.54683544303793
182.69246118351316
183.11234688703664
168.83260716795502
202.0442726633872
176.05583489161992
169.26068072082245
169.17616741809914
162.26036542515814
145.28468025298667
141.66630758693123
131.08759885070765
135.41735769501054
123.2416249321722
124.32531645569621
134.45981230527144
129.6439698815202
112.26874849889253
139.36902781607762
125.70970627218304
132.77326046796077
129.92431460591177
157.22518836119093
155.0693391568891
156.73498644338125
157.6030415590168
185.1692847124825
184.30194097799307
200.19649614576034
194.78777582409376
211.24876043170627
201.05800210526107
216.40707569606798
170.31954552191579
192.29894810659187
188.35877286484094
147.89909337860783
130.7623729238946
136.19476179227874
108.42209640510814
108.79368863955119
86.22819074333802
91.06661991584852
77.59319775596073
