69.47861150070126
56.760751457887366
67.5631320224719
62.051685393258424
50.56959269662921
58.22801966292135
57.25435393258427
41.88609550561798
36.85912921348314
41.353370786516855
34.322823033707856
32.71500173711181
33.77212078651686
35.838623595505624
31.46952247191011
42.354269786857984
43.75316455696203
45.88101265822785
37.47060369324508
38.25840867992767
42.01871921182266
44.42322308233638
37.92828993666432
45.43560872624912
51.61907107670655
57.10492610837439
80.73166783954962
127.52513162720163
141.6335679099226
181.96170664380367
163.86432490936136
206.83734177215192
227.5866661024951
255.57153893806182
236.92983903295058
254.04438575080843
206.04240506329114
243.1020635316545
249.20530469717352
209.3451384744208
197.6437539610677
235.94222279489745
239.0892329345531
185.7214911141727
232.4953275316926
186.79969001199314
194.40375365493455
195.22528572319368
198.76687526167166
186.20951727701123
169.87025316455694
188.4829113924051
166.54683544303793
188.19246118351316
174.11234688703664
168.33260716795502
192.5442726633872
167.55583489161992
148.26068072082245
180.67616741809914
161.76036542515814
168.78468025298667
153.66630758693157
142.58759885070765
127.91735769501052
115.2416249321722
142.82531645569622
123.95981230527143
121.64396988152022
133.26874849889253
123.36902781607763
122.70970627218304
136.77326046796077
124.92431460591176
120.72518836119094
160.5693391568891
180.73498644338125
199.1030415590168
183.1692847124825
195.80194097799307
185.69649614576034
211.78777582409376
223.74876043170627
227.05800210526107
216.40707569606798
182.81954552191579
185.79894810659187
158.35877286484094
161.89909337860783
135.7623729238946
132.19476179227874
103.92209640510814
108.29368863955119
109.72819074333802
84.56661991584852
78.59319775596073
