79.47861150070126
62.260751457887366
62.563132022471905
48.051685393258424
55.06959269662921
52.72801966292135
49.25435393258427
53.38609550561798
43.35912921348314
44.353370786516855
43.322823033707856
35.21500173711181
42.27212078651686
42.338623595505624
34.96952247191011
39.354269786857984
31.753164556962027
41.38101265822785
39.97060369324508
38.25840867992767
37.51871921182266
41.42322308233638
47.92828993666432
48.93560872624912
52.61907107670655
60.60492610837439
69.23166783954962
143.52513162720163
136.6335679099226
152.96170664380367
164.36432490936136
210.83734177215192
251.0866661024951
212.07153893806182
222.92983903295058
207.04438575080843
226.04240506329114
254.6020635316545
230.70530469717352
222.3451384744208
250.6437539610677
215.44222279489745
224.5892329345531
202.2214911141727
187.9953275316926
216.79969001199314
219.90375365493455
221.72528572319368
187.26687526167166
184.70951727701123
215.37025316455694
169.9829113924051
185.54683544303793
186.69246118351316
164.61234688703664
189.83260716795502
185.5442726633872
176.55583489161992
175.76068072082245
152.67616741809914
177.26036542515814
142.28468025298667
156.16630758693162
143.08759885070765
133.41735769501054
125.2416249321722
119.32531645569621
128.45981230527144
141.1439698815202
138.26874849889253
135.36902781607762
128.20970627218304
134.27326046796077
132.42431460591177
124.22518836119094
161.0693391568891
153.23498644338125
191.6030415590168
206.6692847124825
173.80194097799307
205.19649614576034
218.28777582409376
226.74876043170627
235.05800210526107
217.40707569606798
173.31954552191579
206.29894810659187
181.85877286484094
147.89909337860783
129.7623729238946
122.69476179227874
114.42209640510814
104.79368863955119
87.72819074333802
85.56661991584852
89.09319775596073
