62.97861150070126
66.76075145788737
52.563132022471905
60.051685393258424
49.06959269662921
49.72801966292135
42.75435393258427
41.88609550561798
40.85912921348314
37.853370786516855
47.822823033707856
39.71500173711181
43.27212078651686
41.338623595505624
33.96952247191011
39.354269786857984
36.75316455696203
33.88101265822785
45.97060369324508
46.75840867992767
34.01871921182266
37.92322308233638
50.92828993666432
44.93560872624912
39.11907107670655
45.60492610837439
73.23166783954962
121.52513162720163
143.1335679099226
149.96170664380367
200.86432490936136
183.33734177215192
230.0866661024951
250.07153893806182
204.92983903295058
211.04438575080843
251.54240506329114
227.6020635316545
242.20530469717352
227.8451384744208
247.6437539610677
207.44222279489745
209.5892329345531
221.7214911141727
196.4953275316926
206.29969001199314
187.90375365493455
234.72528572319368
207.26687526167166
177.20951727701123
184.37025316455694
195.9829113924051
169.04683544303793
191.19246118351316
190.11234688703664
163.33260716795502
162.5442726633872
169.55583489161992
176.76068072082245
185.17616741809914
145.26036542515814
173.78468025298667
155.1663075869316
146.08759885070765
135.91735769501054
112.2416249321722
130.82531645569622
130.95981230527144
120.64396988152022
135.26874849889253
107.36902781607763
125.70970627218304
116.27326046796075
144.92431460591177
141.72518836119093
171.5693391568891
167.73498644338125
193.6030415590168
171.1692847124825
196.80194097799307
182.19649614576034
185.78777582409376
199.24876043170627
240.05800210526107
210.90707569606798
170.31954552191579
181.79894810659187
176.85877286484094
151.39909337860783
168.2623729238946
121.19476179227874
125.92209640510814
110.79368863955119
82.72819074333802
98.56661991584852
89.59319775596073
