61.97861150070126
70.26075145788737
64.0631320224719
50.551685393258424
56.06959269662921
42.22801966292135
41.75435393258427
46.88609550561798
47.85912921348314
49.353370786516855
40.822823033707856
39.71500173711181
42.27212078651686
28.338623595505624
36.96952247191011
33.854269786857984
45.75316455696203
38.38101265822785
43.47060369324508
40.25840867992767
43.01871921182266
34.42322308233638
44.42828993666432
37.43560872624912
38.61907107670655
45.60492610837439
76.23166783954962
137.52513162720163
155.6335679099226
173.96170664380367
194.36432490936136
226.33734177215192
219.0866661024951
263.07153893806185
208.92983903295058
236.04438575080843
231.54240506329114
211.6020635316545
253.20530469717352
242.3451384744208
229.6437539610677
228.94222279489745
213.5892329345531
235.7214911141727
227.9953275316926
213.79969001199314
210.90375365493455
224.72528572319368
183.76687526167166
206.20951727701123
175.87025316455694
184.9829113924051
163.04683544303793
181.19246118351316
201.61234688703664
190.33260716795502
173.5442726633872
189.55583489161992
189.26068072082245
161.67616741809914
184.26036542515814
150.78468025298667
147.6663075869314
132.08759885070765
136.91735769501054
118.2416249321722
133.32531645569622
137.95981230527144
116.64396988152022
121.26874849889253
116.86902781607763
112.20970627218304
118.27326046796075
121.92431460591176
143.72518836119093
160.5693391568891
183.23498644338125
186.1030415590168
179.6692847124825
165.30194097799307
187.19649614576034
205.28777582409376
222.74876043170627
235.05800210526107
218.90707569606798
211.31954552191579
195.29894810659187
189.35877286484094
154.89909337860783
136.2623729238946
121.19476179227874
107.42209640510814
115.29368863955119
89.22819074333802
87.06661991584852
80.59319775596073
