76.47861150070126
65.76075145788737
55.563132022471905
55.051685393258424
52.56959269662921
47.72801966292135
53.25435393258427
52.88609550561798
46.85912921348314
36.353370786516855
47.322823033707856
35.71500173711181
37.77212078651686
29.838623595505624
38.46952247191011
30.35426978685798
38.25316455696203
43.88101265822785
41.47060369324508
40.25840867992767
40.01871921182266
38.92322308233638
49.92828993666432
49.93560872624912
44.61907107670655
56.10492610837439
61.231667839549615
132.52513162720163
155.1335679099226
175.96170664380367
163.36432490936136
214.33734177215192
250.5866661024951
260.07153893806185
207.92983903295058
211.54438575080843
245.54240506329114
237.1020635316545
228.70530469717352
208.8451384744208
250.6437539610677
230.94222279489745
238.0892329345531
197.2214911141727
204.9953275316926
224.29969001199314
229.90375365493455
201.72528572319368
187.76687526167166
178.70951727701123
203.37025316455694
178.9829113924051
192.54683544303793
208.19246118351316
167.11234688703664
171.83260716795502
168.5442726633872
196.05583489161992
160.26068072082245
152.17616741809914
156.76036542515814
147.28468025298667
146.66630758693134
146.08759885070765
132.41735769501054
136.74162493217221
109.82531645569621
127.45981230527143
137.1439698815202
136.76874849889253
123.86902781607763
137.70970627218304
119.27326046796075
142.42431460591177
153.22518836119093
134.5693391568891
165.73498644338125
177.6030415590168
163.6692847124825
189.30194097799307
208.69649614576034
201.78777582409376
184.74876043170627
203.05800210526107
183.90707569606798
165.31954552191579
178.29894810659187
156.85877286484094
173.39909337860783
135.7623729238946
135.19476179227874
131.92209640510814
119.79368863955119
91.72819074333802
81.56661991584852
66.59319775596073
