73.47861150070126
56.760751457887366
62.063132022471905
50.551685393258424
45.56959269662921
54.22801966292135
48.75435393258427
47.38609550561798
42.35912921348314
43.353370786516855
48.822823033707856
32.21500173711181
44.27212078651686
41.338623595505624
37.96952247191011
28.85426978685798
35.25316455696203
38.38101265822785
30.47060369324508
39.25840867992767
47.01871921182266
34.42322308233638
41.42828993666432
42.43560872624912
51.11907107670655
59.10492610837439
84.23166783954962
110.52513162720163
161.1335679099226
179.46170664380367
182.86432490936136
183.83734177215192
236.5866661024951
215.07153893806182
240.92983903295058
208.54438575080843
249.04240506329114
237.1020635316545
246.70530469717352
205.8451384744208
230.6437539610677
244.94222279489745
214.0892329345531
200.2214911141727
224.4953275316926
186.79969001199314
203.40375365493455
186.22528572319368
217.26687526167166
217.70951727701123
171.37025316455694
200.4829113924051
198.54683544303793
166.69246118351316
196.61234688703664
193.33260716795502
190.5442726633872
192.05583489161992
166.76068072082245
161.17616741809914
164.26036542515814
157.28468025298667
131.66630758693094
149.58759885070765
149.91735769501054
129.24162493217221
129.82531645569622
117.45981230527143
112.14396988152022
140.76874849889253
107.86902781607763
123.20970627218304
121.27326046796075
118.42431460591176
130.22518836119093
136.5693391568891
179.23498644338125
186.6030415590168
188.6692847124825
190.30194097799307
192.69649614576034
218.78777582409376
196.24876043170627
202.55800210526107
196.90707569606798
168.81954552191579
167.79894810659187
185.35877286484094
183.39909337860783
144.2623729238946
125.69476179227874
104.42209640510814
106.79368863955119
104.72819074333802
89.56661991584852
77.09319775596073
