60.97861150070126
54.760751457887366
66.0631320224719
50.051685393258424
45.06959269662921
53.22801966292135
46.25435393258427
40.88609550561798
43.85912921348314
43.853370786516855
45.822823033707856
46.71500173711181
30.272120786516858
36.338623595505624
40.46952247191011
38.354269786857984
42.25316455696203
29.881012658227853
35.47060369324508
43.25840867992767
39.51871921182266
34.92322308233638
41.42828993666432
48.93560872624912
50.11907107670655
58.60492610837439
82.73166783954962
133.52513162720163
157.1335679099226
152.46170664380367
183.36432490936136
228.33734177215192
244.5866661024951
249.07153893806182
243.42983903295058
211.54438575080843
248.04240506329114
252.6020635316545
208.20530469717352
207.3451384744208
209.1437539610677
236.44222279489745
236.0892329345531
215.2214911141727
195.9953275316926
204.79969001199314
233.40375365493455
234.22528572319368
210.76687526167166
188.20951727701123
209.87025316455694
174.4829113924051
204.54683544303793
202.69246118351316
198.61234688703664
195.83260716795502
205.0442726633872
161.05583489161992
147.76068072082245
164.17616741809914
158.76036542515814
148.28468025298667
150.66630758693145
134.08759885070765
126.41735769501052
136.24162493217221
129.32531645569622
111.45981230527143
136.1439698815202
129.26874849889253
135.86902781607762
129.70970627218304
136.77326046796077
118.42431460591176
154.72518836119093
134.5693391568891
172.73498644338125
195.1030415590168
169.6692847124825
194.30194097799307
209.69649614576034
210.28777582409376
219.74876043170627
194.55800210526107
192.40707569606798
174.31954552191579
171.79894810659187
170.35877286484094
152.39909337860783
160.7623729238946
129.19476179227874
105.42209640510814
114.29368863955119
92.72819074333802
79.06661991584852
75.59319775596073
