75.47861150070126
72.76075145788737
52.563132022471905
50.051685393258424
46.06959269662921
44.22801966292135
55.25435393258427
52.88609550561798
42.35912921348314
47.353370786516855
45.322823033707856
36.21500173711181
30.772120786516858
40.338623595505624
39.96952247191011
43.354269786857984
41.75316455696203
37.88101265822785
37.97060369324508
48.25840867992767
46.51871921182266
45.92322308233638
45.92828993666432
50.43560872624912
47.11907107670655
44.10492610837439
65.23166783954962
129.52513162720163
162.6335679099226
183.46170664380367
167.86432490936136
228.83734177215192
214.5866661024951
244.57153893806182
206.42983903295058
232.54438575080843
204.04240506329114
244.6020635316545
251.70530469717352
218.3451384744208
216.6437539610677
232.44222279489745
198.5892329345531
222.7214911141727
184.4953275316926
223.79969001199314
235.40375365493455
196.22528572319368
222.26687526167166
200.20951727701123
207.37025316455694
209.9829113924051
198.04683544303793
173.19246118351316
185.11234688703664
206.33260716795502
198.5442726633872
162.05583489161992
161.76068072082245
178.17616741809914
166.76036542515814
141.78468025298667
142.16630758693123
156.58759885070765
149.41735769501054
136.24162493217221
136.32531645569622
119.95981230527143
125.14396988152022
119.26874849889253
137.36902781607762
132.20970627218304
137.27326046796077
118.92431460591176
132.22518836119093
150.0693391568891
147.73498644338125
175.1030415590168
187.6692847124825
199.30194097799307
180.19649614576034
177.28777582409376
183.74876043170627
227.05800210526107
194.40707569606798
168.31954552191579
164.79894810659187
178.35877286484094
173.89909337860783
143.7623729238946
123.19476179227874
118.42209640510814
118.79368863955119
106.22819074333802
95.56661991584852
67.09319775596073
