65.97861150070126
61.260751457887366
67.5631320224719
58.551685393258424
62.56959269662921
59.72801966292135
45.75435393258427
49.38609550561798
43.85912921348314
53.353370786516855
42.322823033707856
43.71500173711181
30.272120786516858
38.338623595505624
29.46952247191011
41.354269786857984
42.75316455696203
37.88101265822785
38.47060369324508
45.25840867992767
39.01871921182266
41.42322308233638
43.42828993666432
37.43560872624912
38.11907107670655
43.60492610837439
61.731667839549615
129.52513162720163
140.1335679099226
176.46170664380367
176.86432490936136
190.33734177215192
234.5866661024951
220.57153893806182
237.92983903295058
251.54438575080843
231.04240506329114
227.1020635316545
239.70530469717352
219.3451384744208
224.6437539610677
197.94222279489745
222.5892329345531
222.2214911141727
226.4953275316926
194.29969001199314
190.40375365493455
224.22528572319368
219.76687526167166
200.70951727701123
184.37025316455694
184.4829113924051
197.54683544303793
180.69246118351316
180.11234688703664
191.33260716795502
169.0442726633872
177.55583489161992
161.26068072082245
157.17616741809914
145.76036542515814
134.28468025298667
137.6663075869311
151.58759885070765
150.91735769501054
113.2416249321722
125.82531645569621
129.95981230527144
113.64396988152022
112.76874849889253
137.36902781607762
132.70970627218304
119.27326046796075
131.92431460591177
145.22518836119093
156.5693391568891
144.23498644338125
185.6030415590168
191.6692847124825
189.30194097799307
166.19649614576034
183.28777582409376
188.24876043170627
208.05800210526107
214.90707569606798
207.31954552191579
201.79894810659187
168.35877286484094
150.89909337860783
166.7623729238946
148.69476179227874
121.92209640510814
93.29368863955119
82.72819074333802
86.06661991584852
88.59319775596073
