82.47861150070126
67.76075145788737
55.063132022471905
62.551685393258424
46.56959269662921
49.22801966292135
52.75435393258427
49.38609550561798
37.35912921348314
52.853370786516855
38.322823033707856
40.71500173711181
41.77212078651686
33.838623595505624
32.46952247191011
33.354269786857984
39.75316455696203
40.88101265822785
41.97060369324508
42.75840867992767
37.01871921182266
47.42322308233638
51.42828993666432
42.43560872624912
53.11907107670655
54.10492610837439
65.73166783954962
117.52513162720163
141.1335679099226
167.46170664380367
165.86432490936136
200.33734177215192
227.5866661024951
262.07153893806185
218.92983903295058
204.04438575080843
239.04240506329114
221.1020635316545
249.70530469717352
217.3451384744208
231.6437539610677
237.94222279489745
220.5892329345531
217.7214911141727
230.9953275316926
198.79969001199314
195.90375365493455
208.72528572319368
207.26687526167166
199.20951727701123
175.87025316455694
184.9829113924051
167.54683544303793
185.19246118351316
185.61234688703664
201.83260716795502
197.5442726633872
172.05583489161992
181.76068072082245
154.17616741809914
165.76036542515814
149.78468025298667
130.16630758693088
152.08759885070765
123.91735769501052
119.2416249321722
121.32531645569621
137.45981230527144
115.64396988152022
131.26874849889253
119.86902781607763
117.70970627218304
128.27326046796077
135.42431460591177
156.72518836119093
158.0693391568891
169.73498644338125
171.6030415590168
190.1692847124825
198.30194097799307
209.69649614576034
182.28777582409376
191.74876043170627
236.55800210526107
198.90707569606798
195.31954552191579
179.79894810659187
195.35877286484094
154.89909337860783
167.2623729238946
113.69476179227874
125.42209640510814
109.29368863955119
97.22819074333802
75.06661991584852
79.09319775596073
