69.97861150070126
74.26075145788737
64.0631320224719
63.051685393258424
45.06959269662921
56.22801966292135
52.25435393258427
38.38609550561798
48.35912921348314
41.853370786516855
47.322823033707856
36.21500173711181
37.27212078651686
29.838623595505624
27.96952247191011
38.854269786857984
30.753164556962027
45.38101265822785
44.47060369324508
45.75840867992767
38.01871921182266
35.92322308233638
42.42828993666432
34.43560872624912
43.11907107670655
51.10492610837439
74.73166783954962
142.02513162720163
142.6335679099226
162.46170664380367
192.36432490936136
186.33734177215192
213.5866661024951
215.07153893806182
204.92983903295058
254.04438575080843
206.04240506329114
208.1020635316545
212.20530469717352
248.3451384744208
229.6437539610677
229.44222279489745
215.5892329345531
224.2214911141727
233.9953275316926
195.79969001199314
233.90375365493455
234.72528572319368
192.26687526167166
208.20951727701123
201.87025316455694
174.9829113924051
206.04683544303793
174.69246118351316
207.11234688703664
177.33260716795502
165.0442726633872
159.55583489161992
174.76068072082245
154.67616741809914
152.76036542515814
146.78468025298667
141.66630758693123
122.08759885070765
148.91735769501054
130.74162493217221
140.82531645569622
132.95981230527144
116.64396988152022
118.26874849889253
128.36902781607762
135.70970627218304
149.27326046796077
125.92431460591176
143.72518836119093
163.0693391568891
181.73498644338125
201.1030415590168
190.1692847124825
197.30194097799307
177.69649614576034
187.78777582409376
190.24876043170627
219.05800210526107
213.90707569606798
168.31954552191579
168.79894810659187
187.35877286484094
187.39909337860783
131.7623729238946
114.19476179227874
104.42209640510814
113.79368863955119
102.72819074333802
97.06661991584852
66.59319775596073
