71.47861150070126
58.760751457887366
54.063132022471905
47.051685393258424
49.56959269662921
42.72801966292135
41.75435393258427
49.88609550561798
43.35912921348314
37.853370786516855
37.322823033707856
38.21500173711181
29.272120786516858
35.838623595505624
30.96952247191011
39.354269786857984
45.75316455696203
43.38101265822785
37.47060369324508
39.25840867992767
32.01871921182266
39.92322308233638
44.92828993666432
42.43560872624912
40.61907107670655
45.10492610837439
68.73166783954962
116.02513162720163
139.6335679099226
151.46170664380367
194.86432490936136
228.33734177215192
210.5866661024951
263.07153893806185
248.92983903295058
230.04438575080843
227.04240506329114
236.1020635316545
218.20530469717352
244.8451384744208
246.6437539610677
212.94222279489745
234.5892329345531
229.7214911141727
227.9953275316926
202.29969001199314
232.90375365493455
224.72528572319368
184.76687526167166
209.70951727701123
174.87025316455694
204.9829113924051
189.04683544303793
173.69246118351316
207.11234688703664
207.83260716795502
182.0442726633872
183.55583489161992
187.76068072082245
149.67616741809914
164.26036542515814
162.78468025298667
134.666307586931
149.58759885070765
134.41735769501054
133.24162493217221
124.82531645569621
134.45981230527144
136.1439698815202
138.26874849889253
139.86902781607762
120.20970627218304
143.77326046796077
146.42431460591177
131.72518836119093
135.5693391568891
184.73498644338125
200.6030415590168
169.1692847124825
182.30194097799307
210.69649614576034
202.78777582409376
220.24876043170627
215.55800210526107
182.90707569606798
171.81954552191579
194.79894810659187
162.35877286484094
178.39909337860783
145.7623729238946
121.69476179227874
126.92209640510814
110.79368863955119
89.22819074333802
93.06661991584852
76.09319775596073
