82.47861150070126
63.260751457887366
69.0631320224719
49.051685393258424
62.06959269662921
46.72801966292135
43.75435393258427
40.88609550561798
50.85912921348314
48.853370786516855
44.322823033707856
42.71500173711181
31.272120786516858
29.838623595505624
40.46952247191011
37.854269786857984
40.25316455696203
35.88101265822785
35.47060369324508
39.75840867992767
48.01871921182266
44.92322308233638
44.42828993666432
40.93560872624912
48.61907107670655
52.60492610837439
61.731667839549615
127.52513162720163
135.1335679099226
152.96170664380367
205.36432490936136
202.33734177215192
221.0866661024951
252.07153893806182
217.42983903295058
218.54438575080843
242.54240506329114
255.6020635316545
210.70530469717352
247.8451384744208
238.1437539610677
208.94222279489745
215.5892329345531
226.7214911141727
195.4953275316926
199.79969001199314
186.40375365493455
202.22528572319368
207.76687526167166
190.20951727701123
177.87025316455694
171.9829113924051
207.54683544303793
207.19246118351316
198.11234688703664
197.83260716795502
172.5442726633872
175.55583489161992
189.26068072082245
156.67616741809914
157.26036542515814
134.28468025298667
141.1663075869312
149.08759885070765
118.41735769501052
119.2416249321722
110.82531645569621
137.45981230527144
132.6439698815202
112.76874849889253
120.86902781607763
116.70970627218304
145.77326046796077
131.92431460591177
127.22518836119094
132.5693391568891
180.73498644338125
164.1030415590168
190.6692847124825
182.30194097799307
181.69649614576034
172.78777582409376
199.74876043170627
195.05800210526107
184.40707569606798
204.81954552191579
172.79894810659187
168.85877286484094
148.39909337860783
139.7623729238946
145.19476179227874
121.42209640510814
97.79368863955119
94.22819074333802
83.06661991584852
90.59319775596073
