68.47861150070126
61.760751457887366
58.063132022471905
58.551685393258424
48.06959269662921
59.72801966292135
47.25435393258427
45.88609550561798
46.85912921348314
49.353370786516855
44.822823033707856
48.71500173711181
39.77212078651686
40.338623595505624
34.46952247191011
37.854269786857984
32.75316455696203
37.88101265822785
40.47060369324508
42.25840867992767
39.51871921182266
35.42322308233638
40.92828993666432
34.43560872624912
43.61907107670655
52.10492610837439
66.73166783954962
139.52513162720163
164.6335679099226
180.46170664380367
179.36432490936136
200.33734177215192
201.0866661024951
252.07153893806182
253.42983903295058
209.04438575080843
218.54240506329114
209.1020635316545
233.20530469717352
217.3451384744208
237.6437539610677
196.44222279489745
215.5892329345531
222.7214911141727
195.4953275316926
193.29969001199314
187.90375365493455
199.72528572319368
208.26687526167166
178.20951727701123
195.87025316455694
204.4829113924051
166.04683544303793
174.19246118351316
173.61234688703664
174.83260716795502
199.0442726633872
176.05583489161992
155.26068072082245
183.17616741809914
161.76036542515814
150.78468025298667
131.66630758693094
144.58759885070765
152.41735769501054
120.2416249321722
112.82531645569621
123.95981230527143
116.14396988152022
130.26874849889253
134.36902781607762
125.20970627218304
147.77326046796077
112.42431460591176
131.22518836119093
140.5693391568891
162.23498644338125
189.1030415590168
195.6692847124825
159.80194097799307
168.19649614576034
210.78777582409376
221.24876043170627
224.05800210526107
210.90707569606798
189.31954552191579
183.79894810659187
157.35877286484094
154.39909337860783
149.2623729238946
143.69476179227874
114.42209640510814
101.29368863955119
87.22819074333802
87.06661991584852
71.59319775596073
