67.97861150070126
70.26075145788737
50.063132022471905
66.05168539325842
54.56959269662921
53.22801966292135
57.25435393258427
54.88609550561798
40.35912921348314
36.353370786516855
36.322823033707856
47.21500173711181
40.27212078651686
32.338623595505624
32.96952247191011
34.854269786857984
30.253164556962027
30.381012658227853
40.97060369324508
40.25840867992767
34.01871921182266
48.42322308233638
46.92828993666432
45.43560872624912
36.11907107670655
57.10492610837439
78.23166783954962
111.02513162720163
169.6335679099226
187.46170664380367
206.86432490936136
219.33734177215192
208.0866661024951
236.07153893806182
217.92983903295058
214.04438575080843
230.54240506329114
229.6020635316545
221.20530469717352
210.3451384744208
220.6437539610677
207.94222279489745
197.0892329345531
192.2214911141727
191.4953275316926
199.79969001199314
235.40375365493455
225.72528572319368
218.26687526167166
188.70951727701123
177.37025316455694
197.4829113924051
175.04683544303793
179.19246118351316
173.61234688703664
208.83260716795502
172.5442726633872
181.55583489161992
168.76068072082245
148.67616741809914
180.76036542515814
161.28468025298667
143.16630758693125
131.08759885070765
134.41735769501054
112.7416249321722
128.82531645569622
135.95981230527144
122.64396988152022
114.26874849889253
122.36902781607763
130.20970627218304
118.77326046796075
135.42431460591177
150.72518836119093
165.0693391568891
163.23498644338125
175.1030415590168
177.1692847124825
198.80194097799307
210.19649614576034
173.78777582409376
212.24876043170627
214.05800210526107
183.40707569606798
175.31954552191579
168.79894810659187
187.35877286484094
178.39909337860783
159.2623729238946
138.19476179227874
115.92209640510814
105.29368863955119
96.72819074333802
78.06661991584852
68.09319775596073
