66.97861150070126
54.760751457887366
62.063132022471905
53.051685393258424
61.56959269662921
49.22801966292135
56.25435393258427
51.88609550561798
41.85912921348314
49.853370786516855
38.822823033707856
45.71500173711181
36.77212078651686
43.338623595505624
38.46952247191011
38.354269786857984
43.75316455696203
34.88101265822785
35.97060369324508
39.75840867992767
47.01871921182266
49.42322308233638
49.92828993666432
50.43560872624912
49.61907107670655
45.60492610837439
65.23166783954962
114.52513162720163
141.1335679099226
172.46170664380367
185.86432490936136
217.33734177215192
202.5866661024951
224.57153893806182
244.92983903295058
228.54438575080843
256.04240506329114
205.1020635316545
228.70530469717352
217.3451384744208
245.6437539610677
236.94222279489745
229.5892329345531
220.7214911141727
218.4953275316926
203.79969001199314
199.40375365493455
204.72528572319368
204.26687526167166
189.20951727701123
171.87025316455694
178.9829113924051
193.04683544303793
168.69246118351316
178.11234688703664
171.83260716795502
178.0442726633872
193.05583489161992
180.26068072082245
161.17616741809914
147.76036542515814
149.28468025298667
150.66630758693145
128.08759885070765
140.41735769501054
122.2416249321722
135.32531645569622
128.95981230527144
120.64396988152022
126.26874849889253
121.36902781607763
120.20970627218304
134.77326046796077
129.42431460591177
128.22518836119093
137.5693391568891
148.23498644338125
183.6030415590168
175.1692847124825
182.80194097799307
176.19649614576034
179.78777582409376
182.24876043170627
231.05800210526107
228.90707569606798
202.31954552191579
182.79894810659187
161.35877286484094
156.39909337860783
162.7623729238946
142.19476179227874
132.92209640510814
121.29368863955119
94.22819074333802
86.56661991584852
80.59319775596073
