73.97861150070126
66.26075145788737
61.563132022471905
56.051685393258424
55.56959269662921
50.72801966292135
52.25435393258427
48.88609550561798
35.35912921348314
42.853370786516855
35.822823033707856
47.21500173711181
32.27212078651686
43.338623595505624
36.96952247191011
37.854269786857984
35.75316455696203
31.381012658227853
36.97060369324508
39.75840867992767
33.01871921182266
37.92322308233638
39.42828993666432
50.93560872624912
46.11907107670655
58.60492610837439
64.73166783954962
114.02513162720163
147.6335679099226
173.96170664380367
175.36432490936136
226.33734177215192
219.5866661024951
215.07153893806182
236.92983903295058
246.54438575080843
257.04240506329114
238.6020635316545
224.20530469717352
241.3451384744208
226.1437539610677
217.94222279489745
189.5892329345531
217.7214911141727
193.4953275316926
213.79969001199314
191.90375365493455
196.22528572319368
219.76687526167166
195.70951727701123
180.37025316455694
168.9829113924051
183.04683544303793
184.69246118351316
206.61234688703664
206.83260716795502
182.5442726633872
196.55583489161992
175.76068072082245
172.17616741809914
148.76036542515814
135.78468025298667
160.16630758693174
148.08759885070765
125.41735769501052
113.7416249321722
137.82531645569622
110.95981230527143
138.6439698815202
110.26874849889253
139.86902781607762
123.20970627218304
146.77326046796077
123.92431460591176
148.72518836119093
150.0693391568891
145.73498644338125
199.1030415590168
162.1692847124825
183.30194097799307
177.19649614576034
184.28777582409376
207.24876043170627
192.55800210526107
195.40707569606798
171.81954552191579
168.29894810659187
196.85877286484094
166.39909337860783
157.2623729238946
145.69476179227874
110.92209640510814
110.79368863955119
104.22819074333802
99.06661991584852
74.59319775596073
