75.97861150070126
65.26075145788737
71.0631320224719
60.051685393258424
62.06959269662921
54.22801966292135
44.75435393258427
49.38609550561798
49.35912921348314
51.853370786516855
33.822823033707856
38.21500173711181
36.27212078651686
32.338623595505624
32.96952247191011
35.354269786857984
39.25316455696203
30.381012658227853
39.47060369324508
36.25840867992767
32.51871921182266
46.42322308233638
38.42828993666432
43.43560872624912
50.11907107670655
57.10492610837439
62.731667839549615
117.02513162720163
139.1335679099226
152.96170664380367
180.86432490936136
221.83734177215192
218.5866661024951
212.57153893806182
215.42983903295058
242.04438575080843
254.54240506329114
228.6020635316545
220.20530469717352
206.8451384744208
223.1437539610677
232.94222279489745
236.0892329345531
210.2214911141727
196.9953275316926
199.29969001199314
195.90375365493455
208.72528572319368
185.76687526167166
189.20951727701123
181.87025316455694
208.9829113924051
191.04683544303793
206.19246118351316
204.11234688703664
185.83260716795502
178.5442726633872
194.55583489161992
162.76068072082245
189.17616741809914
166.76036542515814
147.28468025298667
137.6663075869311
129.08759885070765
122.91735769501052
133.24162493217221
125.82531645569621
108.45981230527143
115.14396988152022
116.26874849889253
106.86902781607763
122.20970627218304
145.77326046796077
129.42431460591177
150.72518836119093
169.0693391568891
178.23498644338125
178.1030415590168
200.6692847124825
195.80194097799307
195.19649614576034
178.28777582409376
205.74876043170627
213.05800210526107
210.90707569606798
198.81954552191579
173.79894810659187
184.35877286484094
166.39909337860783
138.7623729238946
121.69476179227874
121.42209640510814
93.29368863955119
108.72819074333802
90.06661991584852
87.09319775596073
