69.97861150070126
69.26075145788737
60.563132022471905
46.051685393258424
44.56959269662921
59.72801966292135
41.75435393258427
44.38609550561798
40.35912921348314
50.853370786516855
40.322823033707856
43.71500173711181
31.272120786516858
33.838623595505624
36.96952247191011
38.354269786857984
35.25316455696203
40.38101265822785
41.97060369324508
31.75840867992767
46.01871921182266
37.92322308233638
44.92828993666432
45.93560872624912
43.61907107670655
57.10492610837439
72.23166783954962
123.02513162720163
165.1335679099226
173.46170664380367
167.36432490936136
194.33734177215192
217.5866661024951
228.07153893806182
232.42983903295058
252.54438575080843
243.04240506329114
247.6020635316545
239.70530469717352
239.8451384744208
237.6437539610677
198.44222279489745
233.5892329345531
227.2214911141727
210.9953275316926
225.79969001199314
234.40375365493455
204.22528572319368
203.76687526167166
195.70951727701123
179.87025316455694
178.9829113924051
183.54683544303793
187.19246118351316
181.11234688703664
203.33260716795502
195.0442726633872
172.05583489161992
168.26068072082245
161.67616741809914
151.76036542515814
158.28468025298667
152.6663075869315
122.58759885070765
120.41735769501052
112.2416249321722
142.32531645569622
116.95981230527143
117.14396988152022
114.26874849889253
140.36902781607762
135.20970627218304
145.27326046796077
131.92431460591177
133.22518836119093
157.0693391568891
179.23498644338125
178.1030415590168
169.6692847124825
182.30194097799307
207.69649614576034
193.78777582409376
211.74876043170627
196.55800210526107
188.90707569606798
178.31954552191579
183.79894810659187
167.85877286484094
176.89909337860783
164.2623729238946
140.19476179227874
127.92209640510814
98.79368863955119
95.72819074333802
84.06661991584852
82.59319775596073
