80.97861150070126
54.760751457887366
65.0631320224719
53.051685393258424
56.56959269662921
47.22801966292135
52.25435393258427
43.88609550561798
46.35912921348314
41.853370786516855
34.822823033707856
39.21500173711181
44.77212078651686
42.838623595505624
31.96952247191011
32.854269786857984
37.25316455696203
44.38101265822785
30.97060369324508
48.75840867992767
46.51871921182266
45.42322308233638
40.92828993666432
34.43560872624912
51.61907107670655
42.10492610837439
71.23166783954962
133.52513162720163
141.6335679099226
148.46170664380367
184.36432490936136
215.83734177215192
246.5866661024951
217.57153893806182
216.42983903295058
238.04438575080843
230.54240506329114
226.6020635316545
244.70530469717352
218.8451384744208
226.1437539610677
221.94222279489745
211.5892329345531
205.7214911141727
231.4953275316926
190.79969001199314
186.90375365493455
233.72528572319368
195.26687526167166
203.20951727701123
169.37025316455694
165.9829113924051
166.04683544303793
178.19246118351316
194.61234688703664
176.83260716795502
197.5442726633872
166.05583489161992
180.76068072082245
168.17616741809914
167.26036542515814
134.78468025298667
134.666307586931
137.58759885070765
118.41735769501052
126.2416249321722
120.32531645569621
117.95981230527143
139.1439698815202
126.26874849889253
129.36902781607762
115.70970627218304
116.77326046796075
123.42431460591176
136.72518836119093
171.5693391568891
149.73498644338125
186.6030415590168
183.6692847124825
163.30194097799307
179.69649614576034
205.28777582409376
181.24876043170627
189.55800210526107
202.40707569606798
187.81954552191579
182.79894810659187
192.35877286484094
167.39909337860783
144.7623729238946
144.19476179227874
115.92209640510814
109.79368863955119
108.72819074333802
94.56661991584852
78.09319775596073
