78.97861150070126
61.760751457887366
61.563132022471905
64.55168539325842
64.0695926966292
52.72801966292135
43.75435393258427
44.38609550561798
35.85912921348314
44.853370786516855
46.822823033707856
32.21500173711181
41.27212078651686
44.338623595505624
32.46952247191011
31.85426978685798
35.25316455696203
36.38101265822785
30.47060369324508
31.75840867992767
33.51871921182266
41.92322308233638
47.42828993666432
40.93560872624912
41.61907107670655
55.10492610837439
82.23166783954962
143.02513162720163
158.6335679099226
165.96170664380367
178.86432490936136
211.83734177215192
203.5866661024951
261.57153893806185
245.42983903295058
218.54438575080843
228.04240506329114
226.6020635316545
257.7053046971735
246.8451384744208
222.6437539610677
227.94222279489745
220.0892329345531
213.7214911141727
203.4953275316926
211.79969001199314
223.90375365493455
205.72528572319368
221.76687526167166
200.20951727701123
205.87025316455694
186.9829113924051
188.04683544303793
164.69246118351316
176.61234688703664
195.33260716795502
184.5442726633872
188.05583489161992
177.26068072082245
166.67616741809914
145.76036542515814
136.28468025298667
152.1663075869315
135.58759885070765
130.41735769501054
113.2416249321722
112.32531645569621
140.95981230527144
116.14396988152022
123.76874849889253
117.86902781607763
120.20970627218304
130.77326046796077
118.92431460591176
130.72518836119093
138.5693391568891
180.23498644338125
172.6030415590168
201.6692847124825
175.30194097799307
203.69649614576034
203.78777582409376
205.24876043170627
196.05800210526107
229.40707569606798
203.81954552191579
189.79894810659187
197.85877286484094
183.39909337860783
155.7623729238946
126.19476179227874
104.92209640510814
95.79368863955119
88.22819074333802
77.56661991584852
76.09319775596073
