65.97861150070126
53.760751457887366
69.0631320224719
60.051685393258424
55.06959269662921
52.72801966292135
53.25435393258427
42.38609550561798
38.85912921348314
50.853370786516855
34.322823033707856
33.21500173711181
41.77212078651686
29.338623595505624
36.96952247191011
33.354269786857984
29.753164556962027
41.88101265822785
41.97060369324508
34.75840867992767
46.51871921182266
34.92322308233638
50.92828993666432
51.93560872624912
45.61907107670655
46.10492610837439
67.73166783954962
132.52513162720163
159.6335679099226
152.96170664380367
201.86432490936136
213.83734177215192
202.0866661024951
214.57153893806182
255.42983903295058
206.04438575080843
230.54240506329114
208.6020635316545
235.70530469717352
237.3451384744208
225.6437539610677
244.44222279489745
218.0892329345531
226.7214911141727
187.9953275316926
208.79969001199314
230.40375365493455
208.22528572319368
179.26687526167166
201.20951727701123
204.37025316455694
195.4829113924051
166.04683544303793
201.69246118351316
193.61234688703664
196.83260716795502
205.0442726633872
175.55583489161992
151.26068072082245
187.67616741809914
156.26036542515814
147.28468025298667
163.16630758693182
144.08759885070765
140.41735769501054
111.2416249321722
125.32531645569621
139.95981230527144
140.6439698815202
141.26874849889253
137.36902781607762
122.70970627218304
129.77326046796077
125.92431460591176
129.22518836119093
137.0693391568891
181.23498644338125
187.6030415590168
171.1692847124825
178.80194097799307
167.69649614576034
176.78777582409376
212.74876043170627
207.05800210526107
221.40707569606798
182.81954552191579
202.79894810659187
189.85877286484094
166.89909337860783
132.7623729238946
143.69476179227874
122.42209640510814
95.29368863955119
89.22819074333802
83.06661991584852
89.59319775596073
