74.47861150070126
53.760751457887366
70.5631320224719
64.55168539325842
61.06959269662921
44.22801966292135
51.25435393258427
43.38609550561798
50.35912921348314
44.853370786516855
45.322823033707856
44.71500173711181
44.77212078651686
39.838623595505624
30.96952247191011
28.85426978685798
38.25316455696203
38.38101265822785
38.47060369324508
31.75840867992767
45.01871921182266
41.92322308233638
37.92828993666432
51.93560872624912
43.61907107670655
53.60492610837439
74.73166783954962
118.02513162720163
135.6335679099226
175.46170664380367
197.86432490936136
191.33734177215192
248.5866661024951
213.07153893806182
256.42983903295055
244.04438575080843
214.54240506329114
250.1020635316545
263.7053046971735
238.3451384744208
231.6437539610677
212.94222279489745
215.0892329345531
194.2214911141727
226.9953275316926
220.79969001199314
223.90375365493455
200.72528572319368
196.26687526167166
206.20951727701123
205.87025316455694
167.9829113924051
191.04683544303793
187.69246118351316
204.11234688703664
173.33260716795502
187.5442726633872
177.05583489161992
149.76068072082245
158.17616741809914
167.76036542515814
169.28468025298667
148.1663075869314
127.08759885070765
128.41735769501054
112.7416249321722
141.32531645569622
124.95981230527143
135.6439698815202
109.76874849889253
135.36902781607762
114.70970627218304
121.27326046796075
128.42431460591177
139.72518836119093
153.5693391568891
149.23498644338125
187.1030415590168
170.6692847124825
199.30194097799307
184.19649614576034
206.28777582409376
182.74876043170627
215.05800210526107
200.40707569606798
190.31954552191579
196.79894810659187
153.85877286484094
166.39909337860783
145.7623729238946
119.19476179227874
114.42209640510814
102.79368863955119
85.22819074333802
77.06661991584852
81.09319775596073
