67.97861150070126
57.260751457887366
66.0631320224719
64.55168539325842
52.06959269662921
54.22801966292135
47.75435393258427
47.88609550561798
46.35912921348314
42.853370786516855
43.322823033707856
42.71500173711181
42.77212078651686
41.338623595505624
38.96952247191011
37.854269786857984
33.25316455696203
45.38101265822785
31.97060369324508
41.25840867992767
41.51871921182266
45.92322308233638
37.92828993666432
39.93560872624912
40.61907107670655
56.10492610837439
77.73166783954962
111.52513162720163
159.6335679099226
177.46170664380367
179.36432490936136
214.83734177215192
243.0866661024951
223.57153893806182
256.42983903295055
218.04438575080843
212.54240506329114
234.6020635316545
246.70530469717352
230.3451384744208
214.1437539610677
206.94222279489745
225.5892329345531
231.2214911141727
196.9953275316926
234.79969001199314
216.90375365493455
230.22528572319368
182.76687526167166
178.70951727701123
211.87025316455694
202.9829113924051
179.54683544303793
163.69246118351316
168.61234688703664
179.33260716795502
181.0442726633872
181.05583489161992
158.26068072082245
172.17616741809914
166.26036542515814
157.78468025298667
161.6663075869318
123.58759885070765
138.91735769501054
136.74162493217221
141.32531645569622
111.45981230527143
109.14396988152022
134.76874849889253
136.86902781607762
116.20970627218304
118.27326046796075
122.92431460591176
148.72518836119093
142.5693391568891
156.23498644338125
192.1030415590168
199.1692847124825
177.80194097799307
211.69649614576034
195.28777582409376
216.24876043170627
216.55800210526107
192.40707569606798
167.31954552191579
192.29894810659187
180.35877286484094
188.89909337860783
154.7623729238946
124.19476179227874
111.92209640510814
101.29368863955119
87.72819074333802
78.56661991584852
90.59319775596073
