70.97861150070126
67.76075145788737
56.563132022471905
64.55168539325842
52.56959269662921
47.72801966292135
47.25435393258427
53.88609550561798
43.35912921348314
51.353370786516855
39.322823033707856
43.21500173711181
37.27212078651686
36.838623595505624
35.46952247191011
29.35426978685798
39.25316455696203
37.88101265822785
43.97060369324508
37.75840867992767
46.51871921182266
38.92322308233638
35.92828993666432
37.93560872624912
38.61907107670655
53.60492610837439
68.23166783954962
136.02513162720163
166.6335679099226
171.46170664380367
181.86432490936136
216.33734177215192
247.0866661024951
240.07153893806182
220.92983903295058
239.04438575080843
257.54240506329114
219.6020635316545
214.70530469717352
235.3451384744208
249.6437539610677
210.94222279489745
233.0892329345531
196.2214911141727
189.9953275316926
234.79969001199314
211.40375365493455
210.22528572319368
184.26687526167166
210.70951727701123
175.87025316455694
210.4829113924051
164.54683544303793
198.69246118351316
176.61234688703664
170.83260716795502
180.0442726633872
174.05583489161992
160.76068072082245
183.67616741809914
147.76036542515814
148.28468025298667
160.16630758693174
146.08759885070765
137.41735769501054
140.24162493217221
143.32531645569622
139.45981230527144
111.64396988152022
115.26874849889253
137.86902781607762
109.20970627218304
114.77326046796075
124.42431460591176
146.72518836119093
154.5693391568891
182.73498644338125
177.6030415590168
199.6692847124825
185.80194097799307
206.19649614576034
193.28777582409376
214.24876043170627
193.05800210526107
206.40707569606798
197.31954552191579
163.29894810659187
162.35877286484094
169.39909337860783
133.7623729238946
120.19476179227874
124.92209640510814
121.29368863955119
97.72819074333802
81.06661991584852
87.09319775596073
