60.47861150070126
63.260751457887366
53.563132022471905
61.551685393258424
57.06959269662921
46.22801966292135
57.25435393258427
44.38609550561798
48.85912921348314
45.853370786516855
44.322823033707856
41.21500173711181
32.77212078651686
39.338623595505624
33.46952247191011
34.854269786857984
34.25316455696203
35.38101265822785
43.47060369324508
42.75840867992767
32.01871921182266
36.92322308233638
36.92828993666432
51.43560872624912
54.11907107670655
61.10492610837439
83.73166783954962
110.52513162720163
172.1335679099226
168.46170664380367
162.36432490936136
198.83734177215192
223.5866661024951
212.07153893806182
225.42983903295058
248.54438575080843
256.54240506329114
256.1020635316545
260.7053046971735
205.3451384744208
217.6437539610677
201.94222279489745
202.0892329345531
226.2214911141727
183.9953275316926
206.79969001199314
213.40375365493455
185.72528572319368
218.26687526167166
174.20951727701123
180.37025316455694
170.9829113924051
186.04683544303793
194.69246118351316
166.11234688703664
185.83260716795502
176.0442726633872
189.05583489161992
158.76068072082245
155.17616741809914
168.26036542515814
155.78468025298667
155.1663075869316
143.08759885070765
143.41735769501054
121.2416249321722
135.82531645569622
122.95981230527143
118.64396988152022
128.26874849889253
133.86902781607762
124.70970627218304
136.27326046796077
143.92431460591177
128.72518836119093
159.0693391568891
168.23498644338125
167.1030415590168
174.6692847124825
164.30194097799307
165.69649614576034
179.28777582409376
185.24876043170627
235.05800210526107
210.40707569606798
181.81954552191579
187.79894810659187
153.85877286484094
162.89909337860783
162.2623729238946
116.69476179227874
108.92209640510814
107.79368863955119
86.22819074333802
80.56661991584852
87.59319775596073
