74.47861150070126
57.760751457887366
50.563132022471905
50.551685393258424
49.06959269662921
56.72801966292135
39.25435393258427
43.88609550561798
41.85912921348314
42.353370786516855
33.822823033707856
38.71500173711181
39.27212078651686
39.838623595505624
39.96952247191011
29.35426978685798
38.25316455696203
33.38101265822785
31.97060369324508
44.25840867992767
39.51871921182266
33.92322308233638
44.92828993666432
39.43560872624912
48.61907107670655
58.60492610837439
81.23166783954962
114.02513162720163
163.1335679099226
162.46170664380367
182.36432490936136
182.83734177215192
201.0866661024951
210.57153893806182
217.92983903295058
224.04438575080843
209.04240506329114
249.6020635316545
231.20530469717352
220.3451384744208
212.6437539610677
237.44222279489745
210.5892329345531
218.2214911141727
198.9953275316926
234.79969001199314
207.40375365493455
197.72528572319368
214.76687526167166
176.20951727701123
196.37025316455694
185.4829113924051
183.04683544303793
195.69246118351316
208.11234688703664
207.33260716795502
175.0442726633872
178.55583489161992
162.76068072082245
167.67616741809914
182.76036542515814
158.28468025298667
157.16630758693165
135.08759885070765
148.41735769501054
111.2416249321722
112.32531645569621
115.45981230527143
125.14396988152022
131.26874849889253
120.86902781607763
121.20970627218304
146.27326046796077
123.42431460591176
121.22518836119094
156.0693391568891
177.23498644338125
164.1030415590168
199.6692847124825
188.30194097799307
208.19649614576034
177.78777582409376
222.24876043170627
190.05800210526107
187.90707569606798
181.81954552191579
174.29894810659187
166.85877286484094
165.89909337860783
152.7623729238946
142.19476179227874
131.42209640510814
116.29368863955119
89.22819074333802
75.06661991584852
90.59319775596073
