62.97861150070126
61.260751457887366
52.063132022471905
62.551685393258424
61.06959269662921
57.22801966292135
57.25435393258427
39.38609550561798
48.35912921348314
52.353370786516855
33.822823033707856
32.21500173711181
31.772120786516858
41.338623595505624
34.46952247191011
39.854269786857984
30.253164556962027
40.88101265822785
41.47060369324508
48.25840867992767
38.51871921182266
45.42322308233638
40.92828993666432
51.93560872624912
50.11907107670655
49.60492610837439
66.23166783954962
115.02513162720163
150.6335679099226
162.46170664380367
167.86432490936136
230.83734177215192
246.5866661024951
212.57153893806182
234.42983903295058
244.54438575080843
232.04240506329114
248.6020635316545
239.70530469717352
220.8451384744208
244.6437539610677
223.94222279489745
208.5892329345531
201.7214911141727
211.9953275316926
224.29969001199314
220.90375365493455
220.72528572319368
205.76687526167166
217.70951727701123
181.87025316455694
170.9829113924051
167.04683544303793
162.19246118351316
190.61234688703664
208.33260716795502
190.5442726633872
164.55583489161992
170.26068072082245
179.67616741809914
156.26036542515814
161.78468025298667
151.6663075869315
155.58759885070765
137.91735769501054
135.74162493217221
130.82531645569622
126.45981230527143
139.1439698815202
118.76874849889253
129.36902781607762
134.70970627218304
149.27326046796077
137.92431460591177
155.72518836119093
167.5693391568891
180.73498644338125
172.1030415590168
194.6692847124825
163.80194097799307
174.19649614576034
193.78777582409376
204.74876043170627
239.05800210526107
224.40707569606798
166.81954552191579
195.29894810659187
172.85877286484094
171.39909337860783
146.7623729238946
118.69476179227874
115.92209640510814
97.79368863955119
105.72819074333802
74.56661991584852
79.59319775596073
