81.47861150070126
68.76075145788737
56.563132022471905
63.051685393258424
62.56959269662921
58.22801966292135
42.75435393258427
43.38609550561798
47.85912921348314
38.353370786516855
43.822823033707856
36.71500173711181
38.77212078651686
40.838623595505624
42.96952247191011
37.354269786857984
30.253164556962027
42.88101265822785
35.47060369324508
36.25840867992767
40.51871921182266
36.42322308233638
42.42828993666432
47.43560872624912
36.61907107670655
56.10492610837439
81.23166783954962
122.52513162720163
141.1335679099226
168.96170664380367
172.86432490936136
197.83734177215192
220.0866661024951
235.57153893806182
247.92983903295058
218.54438575080843
217.54240506329114
209.1020635316545
214.20530469717352
239.3451384744208
223.6437539610677
237.94222279489745
206.0892329345531
195.7214911141727
219.9953275316926
207.79969001199314
211.40375365493455
235.72528572319368
227.26687526167166
190.20951727701123
180.87025316455694
194.4829113924051
170.54683544303793
200.19246118351316
174.11234688703664
166.33260716795502
182.0442726633872
177.55583489161992
168.76068072082245
169.17616741809914
166.76036542515814
163.78468025298667
160.66630758693174
151.58759885070765
124.41735769501052
133.74162493217221
127.32531645569621
109.95981230527143
131.1439698815202
137.26874849889253
130.36902781607762
130.20970627218304
116.77326046796075
141.42431460591177
156.22518836119093
142.0693391568891
174.73498644338125
191.6030415590168
165.6692847124825
173.80194097799307
197.19649614576034
203.28777582409376
211.74876043170627
229.55800210526107
227.90707569606798
179.31954552191579
166.79894810659187
154.85877286484094
187.39909337860783
159.2623729238946
132.19476179227874
116.92209640510814
93.79368863955119
106.22819074333802
97.06661991584852
66.59319775596073
