72.97861150070126
63.260751457887366
57.563132022471905
54.051685393258424
50.56959269662921
50.22801966292135
39.75435393258427
47.88609550561798
44.35912921348314
39.353370786516855
46.322823033707856
47.71500173711181
34.77212078651686
29.838623595505624
40.96952247191011
39.854269786857984
38.25316455696203
43.38101265822785
35.97060369324508
44.25840867992767
33.01871921182266
43.92322308233638
41.42828993666432
43.93560872624912
38.61907107670655
45.10492610837439
62.231667839549615
141.52513162720163
140.1335679099226
164.46170664380367
204.36432490936136
187.33734177215192
244.0866661024951
248.07153893806182
224.42983903295058
206.04438575080843
224.54240506329114
214.1020635316545
244.70530469717352
207.3451384744208
245.6437539610677
196.44222279489745
190.0892329345531
220.2214911141727
198.4953275316926
223.29969001199314
208.40375365493455
195.22528572319368
221.26687526167166
210.70951727701123
214.87025316455694
167.4829113924051
183.54683544303793
174.19246118351316
181.11234688703664
190.33260716795502
204.0442726633872
182.55583489161992
152.76068072082245
182.67616741809914
161.26036542515814
156.78468025298667
141.1663075869312
138.08759885070765
154.41735769501054
133.24162493217221
127.82531645569621
140.95981230527144
111.64396988152022
125.76874849889253
138.86902781607762
129.70970627218304
123.27326046796075
130.42431460591177
141.72518836119093
151.5693391568891
145.73498644338125
159.6030415590168
181.1692847124825
177.30194097799307
177.19649614576034
183.78777582409376
199.24876043170627
204.55800210526107
198.40707569606798
207.81954552191579
163.29894810659187
175.35877286484094
160.39909337860783
158.2623729238946
132.19476179227874
114.42209640510814
112.29368863955119
83.72819074333802
76.56661991584852
88.59319775596073
