68.97861150070126
54.260751457887366
54.063132022471905
53.051685393258424
62.06959269662921
52.22801966292135
49.25435393258427
52.88609550561798
40.35912921348314
35.853370786516855
37.322823033707856
41.21500173711181
32.77212078651686
44.338623595505624
31.46952247191011
33.354269786857984
39.25316455696203
39.88101265822785
42.47060369324508
46.25840867992767
34.01871921182266
39.42322308233638
50.42828993666432
41.93560872624912
45.11907107670655
59.60492610837439
76.23166783954962
143.52513162720163
155.6335679099226
176.96170664380367
192.36432490936136
226.33734177215192
209.0866661024951
215.57153893806182
203.42983903295058
254.04438575080843
258.04240506329114
235.6020635316545
227.20530469717352
245.3451384744208
247.1437539610677
213.44222279489745
232.5892329345531
202.7214911141727
225.9953275316926
221.29969001199314
199.90375365493455
188.72528572319368
187.26687526167166
214.70951727701123
213.37025316455694
171.4829113924051
175.04683544303793
205.69246118351316
205.61234688703664
196.33260716795502
175.0442726633872
190.05583489161992
150.76068072082245
185.67616741809914
147.76036542515814
145.28468025298667
142.66630758693123
138.58759885070765
148.91735769501054
113.7416249321722
120.32531645569621
137.95981230527144
121.14396988152022
119.26874849889253
112.86902781607763
135.70970627218304
147.27326046796077
135.92431460591177
156.72518836119093
170.0693391568891
144.73498644338125
167.1030415590168
201.1692847124825
167.80194097799307
182.69649614576034
198.28777582409376
229.74876043170627
213.55800210526107
207.90707569606798
203.81954552191579
187.79894810659187
170.85877286484094
159.89909337860783
141.7623729238946
117.69476179227874
124.92209640510814
121.79368863955119
96.22819074333802
89.06661991584852
74.09319775596073
