71.47861150070126
72.76075145788737
53.563132022471905
54.051685393258424
60.06959269662921
58.22801966292135
40.25435393258427
36.88609550561798
45.85912921348314
35.853370786516855
45.822823033707856
41.71500173711181
37.27212078651686
41.338623595505624
41.46952247191011
30.35426978685798
34.75316455696203
34.88101265822785
30.97060369324508
44.25840867992767
38.01871921182266
39.92322308233638
40.92828993666432
46.43560872624912
38.61907107670655
43.10492610837439
70.23166783954962
117.52513162720163
166.1335679099226
177.96170664380367
176.36432490936136
200.33734177215192
223.0866661024951
229.07153893806182
238.42983903295058
242.54438575080843
257.04240506329114
257.6020635316545
234.20530469717352
203.8451384744208
205.6437539610677
228.94222279489745
224.5892329345531
233.2214911141727
202.9953275316926
210.79969001199314
195.90375365493455
186.22528572319368
203.76687526167166
221.20951727701123
205.37025316455694
193.9829113924051
192.54683544303793
188.69246118351316
166.11234688703664
206.33260716795502
186.5442726633872
157.05583489161992
171.26068072082245
172.67616741809914
155.76036542515814
146.78468025298667
137.6663075869311
136.08759885070765
120.41735769501052
137.24162493217221
113.32531645569621
118.95981230527143
117.64396988152022
118.26874849889253
117.86902781607763
140.20970627218304
118.27326046796075
139.42431460591177
129.22518836119093
167.0693391568891
157.73498644338125
175.1030415590168
166.6692847124825
196.30194097799307
178.69649614576034
181.78777582409376
188.74876043170627
222.05800210526107
222.90707569606798
169.31954552191579
181.29894810659187
157.35877286484094
175.89909337860783
150.7623729238946
135.19476179227874
119.42209640510814
103.79368863955119
90.22819074333802
96.56661991584852
82.59319775596073
