75.47861150070126
67.76075145788737
70.0631320224719
61.051685393258424
47.06959269662921
46.22801966292135
54.75435393258427
54.38609550561798
41.35912921348314
42.353370786516855
37.822823033707856
40.21500173711181
44.77212078651686
29.838623595505624
31.46952247191011
36.354269786857984
33.75316455696203
35.88101265822785
46.47060369324508
35.25840867992767
44.51871921182266
44.92322308233638
51.42828993666432
40.43560872624912
43.11907107670655
49.10492610837439
77.73166783954962
142.02513162720163
145.6335679099226
174.46170664380367
169.36432490936136
184.83734177215192
245.0866661024951
222.07153893806182
217.92983903295058
247.54438575080843
208.04240506329114
216.1020635316545
225.70530469717352
252.8451384744208
249.6437539610677
222.94222279489745
222.5892329345531
205.7214911141727
192.9953275316926
196.79969001199314
205.90375365493455
235.22528572319368
180.26687526167166
187.20951727701123
187.87025316455694
198.4829113924051
182.54683544303793
173.19246118351316
177.11234688703664
189.83260716795502
208.0442726633872
195.05583489161992
189.76068072082245
150.17616741809914
176.76036542515814
164.78468025298667
146.66630758693134
123.58759885070765
122.41735769501052
137.24162493217221
126.82531645569621
107.95981230527143
115.14396988152022
128.76874849889253
125.86902781607763
137.20970627218304
138.27326046796077
113.42431460591176
128.72518836119093
167.0693391568891
180.73498644338125
199.1030415590168
199.1692847124825
198.80194097799307
206.19649614576034
182.78777582409376
199.24876043170627
204.55800210526107
206.90707569606798
210.81954552191579
192.79894810659187
185.85877286484094
170.39909337860783
161.7623729238946
124.69476179227874
123.92209640510814
97.79368863955119
95.22819074333802
86.56661991584852
81.09319775596073
