66.47861150070126
55.260751457887366
62.563132022471905
64.05168539325842
53.06959269662921
57.72801966292135
44.75435393258427
47.88609550561798
35.35912921348314
43.353370786516855
40.822823033707856
43.71500173711181
44.27212078651686
34.838623595505624
43.96952247191011
43.354269786857984
46.25316455696203
39.88101265822785
36.97060369324508
43.25840867992767
41.01871921182266
50.92322308233638
35.42828993666432
37.93560872624912
47.61907107670655
55.60492610837439
68.73166783954962
141.52513162720163
172.6335679099226
167.96170664380367
207.86432490936136
194.83734177215192
231.0866661024951
235.57153893806182
219.92983903295058
210.54438575080843
238.04240506329114
221.1020635316545
223.20530469717352
231.8451384744208
214.1437539610677
230.44222279489745
208.5892329345531
225.2214911141727
212.4953275316926
235.29969001199314
207.90375365493455
233.22528572319368
225.76687526167166
200.20951727701123
180.87025316455694
179.9829113924051
165.04683544303793
168.19246118351316
183.11234688703664
176.83260716795502
176.5442726633872
165.05583489161992
190.26068072082245
170.67616741809914
162.76036542515814
155.28468025298667
138.1663075869311
127.58759885070765
127.91735769501052
112.7416249321722
142.82531645569622
118.45981230527143
133.1439698815202
135.26874849889253
113.36902781607763
133.70970627218304
123.27326046796075
124.42431460591176
125.72518836119094
155.5693391568891
145.23498644338125
189.6030415590168
177.1692847124825
200.30194097799307
175.19649614576034
178.78777582409376
222.74876043170627
220.55800210526107
189.90707569606798
188.31954552191579
203.29894810659187
192.85877286484094
181.89909337860783
156.7623729238946
118.19476179227874
116.42209640510814
95.79368863955119
101.22819074333802
94.56661991584852
87.59319775596073
