70.97861150070126
66.76075145788737
59.563132022471905
64.05168539325842
52.06959269662921
48.72801966292135
53.75435393258427
51.38609550561798
38.85912921348314
41.353370786516855
39.822823033707856
34.71500173711181
34.77212078651686
28.838623595505624
27.96952247191011
34.854269786857984
42.75316455696203
43.38101265822785
44.97060369324508
47.75840867992767
47.51871921182266
45.42322308233638
48.42828993666432
45.43560872624912
44.11907107670655
46.60492610837439
78.23166783954962
142.02513162720163
165.6335679099226
160.46170664380367
192.86432490936136
204.83734177215192
222.5866661024951
259.07153893806185
235.42983903295058
226.54438575080843
227.04240506329114
206.1020635316545
222.20530469717352
200.8451384744208
226.1437539610677
234.44222279489745
238.0892329345531
215.7214911141727
206.4953275316926
226.79969001199314
195.90375365493455
203.22528572319368
192.76687526167166
184.20951727701123
193.87025316455694
205.9829113924051
201.54683544303793
187.19246118351316
191.11234688703664
179.83260716795502
196.5442726633872
183.55583489161992
177.26068072082245
154.17616741809914
146.76036542515814
166.78468025298667
145.66630758693134
154.08759885070765
144.91735769501054
117.2416249321722
124.82531645569621
131.95981230527144
117.14396988152022
110.76874849889253
109.36902781607763
127.70970627218304
145.77326046796077
131.92431460591177
148.72518836119093
143.0693391568891
162.73498644338125
189.6030415590168
185.6692847124825
157.80194097799307
182.19649614576034
218.28777582409376
218.24876043170627
222.05800210526107
204.90707569606798
182.31954552191579
186.29894810659187
154.85877286484094
165.89909337860783
139.7623729238946
147.69476179227874
108.42209640510814
98.79368863955119
83.72819074333802
85.06661991584852
85.59319775596073
