61.47861150070126
65.26075145788737
69.0631320224719
51.551685393258424
45.06959269662921
50.22801966292135
51.25435393258427
48.38609550561798
48.85912921348314
35.853370786516855
43.322823033707856
46.21500173711181
37.27212078651686
31.838623595505624
39.96952247191011
30.35426978685798
33.75316455696203
34.38101265822785
31.47060369324508
41.75840867992767
34.01871921182266
46.42322308233638
45.92828993666432
35.43560872624912
49.61907107670655
43.60492610837439
77.73166783954962
125.02513162720163
143.6335679099226
179.46170664380367
176.86432490936136
183.33734177215192
239.5866661024951
226.57153893806182
227.42983903295058
244.04438575080843
258.04240506329114
212.1020635316545
223.70530469717352
234.3451384744208
212.6437539610677
220.94222279489745
228.5892329345531
228.2214911141727
233.9953275316926
207.29969001199314
228.40375365493455
191.72528572319368
193.26687526167166
212.20951727701123
186.87025316455694
169.9829113924051
195.54683544303793
180.19246118351316
202.61234688703664
197.33260716795502
163.5442726633872
178.55583489161992
180.76068072082245
178.17616741809914
179.76036542515814
140.78468025298667
149.16630758693142
131.08759885070765
142.41735769501054
125.7416249321722
117.82531645569621
132.95981230527144
116.14396988152022
138.76874849889253
128.86902781607762
132.70970627218304
120.27326046796075
135.42431460591177
154.72518836119093
148.0693391568891
166.73498644338125
199.6030415590168
168.6692847124825
166.80194097799307
190.19649614576034
190.78777582409376
208.24876043170627
214.55800210526107
229.40707569606798
195.31954552191579
195.79894810659187
186.85877286484094
174.39909337860783
134.2623729238946
146.19476179227874
120.42209640510814
98.29368863955119
86.72819074333802
87.06661991584852
83.09319775596073
