71.47861150070126
67.76075145788737
51.563132022471905
56.051685393258424
56.06959269662921
42.72801966292135
45.25435393258427
37.38609550561798
40.85912921348314
49.853370786516855
32.822823033707856
46.71500173711181
42.77212078651686
34.838623595505624
33.46952247191011
29.35426978685798
32.75316455696203
32.88101265822785
36.97060369324508
39.75840867992767
45.51871921182266
36.42322308233638
43.42828993666432
41.43560872624912
36.61907107670655
48.10492610837439
70.23166783954962
131.02513162720163
166.1335679099226
153.46170664380367
165.86432490936136
216.33734177215192
220.0866661024951
233.07153893806182
254.42983903295058
214.54438575080843
229.04240506329114
234.1020635316545
235.20530469717352
239.3451384744208
201.6437539610677
235.44222279489745
195.5892329345531
215.7214911141727
192.4953275316926
216.29969001199314
191.40375365493455
202.72528572319368
207.76687526167166
216.70951727701123
204.37025316455694
172.9829113924051
178.54683544303793
194.69246118351316
187.11234688703664
166.33260716795502
205.0442726633872
160.05583489161992
153.76068072082245
158.17616741809914
168.26036542515814
142.78468025298667
144.16630758693128
148.58759885070765
137.41735769501054
143.74162493217221
138.32531645569622
111.45981230527143
121.14396988152022
122.76874849889253
107.36902781607763
120.20970627218304
141.77326046796077
116.92431460591176
128.72518836119093
168.5693391568891
157.23498644338125
175.1030415590168
198.1692847124825
166.30194097799307
182.19649614576034
172.28777582409376
209.24876043170627
193.55800210526107
221.40707569606798
189.81954552191579
196.79894810659187
188.35877286484094
164.89909337860783
166.2623729238946
143.69476179227874
114.92209640510814
94.29368863955119
83.72819074333802
77.56661991584852
68.59319775596073
