79.47861150070126
74.76075145788737
62.563132022471905
52.051685393258424
48.56959269662921
43.22801966292135
56.75435393258427
46.38609550561798
51.35912921348314
51.353370786516855
47.822823033707856
40.21500173711181
45.27212078651686
38.838623595505624
37.96952247191011
42.354269786857984
35.25316455696203
43.88101265822785
39.97060369324508
46.75840867992767
48.51871921182266
36.92322308233638
48.92828993666432
39.43560872624912
52.11907107670655
42.10492610837439
84.73166783954962
126.52513162720163
171.1335679099226
158.96170664380367
178.36432490936136
215.33734177215192
213.0866661024951
254.07153893806182
218.42983903295058
246.54438575080843
204.04240506329114
231.6020635316545
242.20530469717352
226.3451384744208
203.1437539610677
197.44222279489745
224.0892329345531
203.7214911141727
201.4953275316926
197.79969001199314
216.90375365493455
189.22528572319368
209.26687526167166
188.70951727701123
176.37025316455694
196.9829113924051
188.04683544303793
175.19246118351316
176.11234688703664
182.83260716795502
188.0442726633872
178.05583489161992
151.76068072082245
171.67616741809914
145.76036542515814
138.28468025298667
149.66630758693145
126.58759885070765
130.91735769501054
115.7416249321722
136.32531645569622
110.95981230527143
130.1439698815202
110.76874849889253
112.36902781607763
110.70970627218304
136.27326046796077
120.42431460591176
131.72518836119093
133.0693391568891
147.23498644338125
166.1030415590168
163.6692847124825
186.80194097799307
186.19649614576034
217.78777582409376
221.74876043170627
220.05800210526107
204.90707569606798
175.31954552191579
166.79894810659187
185.85877286484094
154.39909337860783
166.2623729238946
132.19476179227874
112.92209640510814
101.29368863955119
85.72819074333802
92.06661991584852
70.59319775596073
