61.97861150070126
58.260751457887366
58.063132022471905
57.551685393258424
46.06959269662921
46.72801966292135
55.75435393258427
41.38609550561798
43.85912921348314
36.853370786516855
44.822823033707856
44.71500173711181
33.77212078651686
34.338623595505624
32.96952247191011
30.35426978685798
37.75316455696203
34.38101265822785
40.47060369324508
40.75840867992767
48.51871921182266
44.42322308233638
43.92828993666432
35.43560872624912
53.61907107670655
58.10492610837439
80.23166783954962
115.52513162720163
155.6335679099226
181.46170664380367
207.86432490936136
225.83734177215192
233.5866661024951
237.57153893806182
215.92983903295058
223.04438575080843
204.54240506329114
213.6020635316545
227.70530469717352
248.3451384744208
242.6437539610677
222.94222279489745
222.0892329345531
232.2214911141727
213.9953275316926
237.29969001199314
221.90375365493455
191.72528572319368
220.76687526167166
182.20951727701123
172.87025316455694
189.4829113924051
178.54683544303793
184.69246118351316
192.61234688703664
195.83260716795502
202.5442726633872
166.55583489161992
174.26068072082245
188.17616741809914
174.76036542515814
141.78468025298667
150.16630758693145
122.08759885070765
124.41735769501052
142.74162493217221
135.32531645569622
110.45981230527143
133.6439698815202
138.26874849889253
113.86902781607763
142.70970627218304
142.77326046796077
117.42431460591176
128.22518836119093
145.5693391568891
145.73498644338125
192.1030415590168
198.1692847124825
199.80194097799307
182.69649614576034
219.28777582409376
225.74876043170627
233.55800210526107
181.40707569606798
204.31954552191579
205.79894810659187
186.35877286484094
180.89909337860783
132.7623729238946
147.19476179227874
133.42209640510814
102.79368863955119
109.72819074333802
81.56661991584852
71.09319775596073
