60.97861150070126
73.26075145788737
66.5631320224719
50.551685393258424
56.06959269662921
55.72801966292135
55.75435393258427
42.38609550561798
36.35912921348314
53.353370786516855
44.822823033707856
49.21500173711181
39.77212078651686
42.338623595505624
29.46952247191011
38.854269786857984
30.753164556962027
41.88101265822785
33.47060369324508
35.25840867992767
45.51871921182266
38.92322308233638
44.42828993666432
41.93560872624912
53.11907107670655
57.60492610837439
63.231667839549615
143.02513162720163
157.1335679099226
187.96170664380367
176.36432490936136
190.33734177215192
245.0866661024951
238.07153893806182
208.92983903295058
243.54438575080843
218.54240506329114
224.6020635316545
254.70530469717352
220.3451384744208
244.6437539610677
201.44222279489745
235.5892329345531
212.7214911141727
188.4953275316926
200.29969001199314
197.90375365493455
206.22528572319368
202.76687526167166
183.20951727701123
205.37025316455694
173.4829113924051
172.04683544303793
164.69246118351316
180.61234688703664
187.33260716795502
183.5442726633872
164.55583489161992
160.76068072082245
160.17616741809914
159.26036542515814
154.28468025298667
143.16630758693125
120.58759885070765
125.91735769501052
130.24162493217221
121.82531645569621
130.95981230527144
121.14396988152022
120.26874849889253
131.36902781607762
136.20970627218304
147.27326046796077
125.92431460591176
146.22518836119093
148.0693391568891
179.73498644338125
168.6030415590168
206.1692847124825
188.30194097799307
169.19649614576034
202.78777582409376
224.24876043170627
217.05800210526107
203.40707569606798
199.31954552191579
170.79894810659187
189.85877286484094
177.39909337860783
138.2623729238946
137.69476179227874
103.42209640510814
96.29368863955119
83.72819074333802
98.56661991584852
78.59319775596073
