70.97861150070126
74.26075145788737
65.5631320224719
56.051685393258424
46.56959269662921
44.72801966292135
51.25435393258427
46.88609550561798
44.85912921348314
42.353370786516855
49.822823033707856
46.71500173711181
34.27212078651686
31.338623595505624
33.96952247191011
32.354269786857984
42.75316455696203
41.88101265822785
45.47060369324508
32.75840867992767
36.51871921182266
48.92322308233638
35.42828993666432
38.93560872624912
39.11907107670655
58.10492610837439
71.73166783954962
122.02513162720163
134.1335679099226
146.46170664380367
202.36432490936136
180.83734177215192
203.0866661024951
219.07153893806182
220.92983903295058
206.54438575080843
204.04240506329114
225.1020635316545
209.70530469717352
206.8451384744208
225.6437539610677
204.94222279489745
194.5892329345531
188.7214911141727
207.9953275316926
220.29969001199314
197.40375365493455
208.22528572319368
185.26687526167166
212.70951727701123
191.87025316455694
191.9829113924051
188.04683544303793
171.19246118351316
205.11234688703664
168.33260716795502
172.5442726633872
167.55583489161992
159.76068072082245
153.67616741809914
175.26036542515814
168.78468025298667
142.66630758693123
136.08759885070765
126.41735769501052
118.2416249321722
116.32531645569621
116.45981230527143
128.1439698815202
133.76874849889253
109.36902781607763
114.70970627218304
143.77326046796077
137.92431460591177
121.22518836119094
132.5693391568891
164.23498644338125
195.6030415590168
192.1692847124825
184.80194097799307
184.69649614576034
215.78777582409376
214.74876043170627
218.05800210526107
224.40707569606798
199.81954552191579
191.29894810659187
176.85877286484094
166.89909337860783
145.2623729238946
137.69476179227874
119.42209640510814
102.79368863955119
84.22819074333802
90.56661991584852
71.59319775596073
