83.47861150070126
58.260751457887366
62.563132022471905
60.551685393258424
63.06959269662921
41.72801966292135
44.25435393258427
52.38609550561798
39.35912921348314
45.853370786516855
41.322823033707856
32.71500173711181
43.77212078651686
39.838623595505624
31.96952247191011
43.354269786857984
38.25316455696203
44.88101265822785
32.47060369324508
46.25840867992767
37.51871921182266
45.92322308233638
42.42828993666432
47.93560872624912
47.11907107670655
52.10492610837439
73.23166783954962
118.52513162720163
138.1335679099226
146.46170664380367
176.86432490936136
211.83734177215192
228.0866661024951
249.07153893806182
224.92983903295058
211.54438575080843
258.04240506329114
224.1020635316545
221.70530469717352
213.8451384744208
242.1437539610677
202.44222279489745
231.0892329345531
222.7214911141727
198.9953275316926
236.79969001199314
213.90375365493455
220.22528572319368
179.76687526167166
176.70951727701123
210.37025316455694
179.9829113924051
193.54683544303793
178.69246118351316
192.61234688703664
207.33260716795502
174.5442726633872
196.05583489161992
159.26068072082245
169.17616741809914
180.26036542515814
151.78468025298667
148.6663075869314
142.58759885070765
137.41735769501054
123.2416249321722
111.82531645569621
133.95981230527144
137.6439698815202
110.76874849889253
134.86902781607762
113.70970627218304
132.27326046796077
128.42431460591177
123.72518836119094
149.0693391568891
167.23498644338125
158.1030415590168
174.1692847124825
166.80194097799307
196.19649614576034
205.78777582409376
193.24876043170627
232.05800210526107
212.40707569606798
180.81954552191579
192.29894810659187
159.35877286484094
157.39909337860783
140.7623729238946
146.69476179227874
123.92209640510814
115.29368863955119
82.72819074333802
98.56661991584852
87.09319775596073
