67.47861150070126
69.26075145788737
70.0631320224719
53.051685393258424
54.06959269662921
50.22801966292135
44.75435393258427
42.38609550561798
43.35912921348314
36.853370786516855
36.822823033707856
33.71500173711181
33.77212078651686
28.838623595505624
32.96952247191011
36.354269786857984
30.753164556962027
42.88101265822785
44.47060369324508
34.25840867992767
38.51871921182266
34.92322308233638
43.42828993666432
44.43560872624912
36.11907107670655
56.60492610837439
62.231667839549615
111.02513162720163
155.1335679099226
175.96170664380367
174.36432490936136
216.33734177215192
209.5866661024951
263.07153893806185
250.92983903295058
204.54438575080843
238.54240506329114
214.6020635316545
242.20530469717352
205.3451384744208
217.1437539610677
242.44222279489745
193.5892329345531
187.2214911141727
218.4953275316926
197.79969001199314
186.40375365493455
212.22528572319368
227.76687526167166
182.70951727701123
178.87025316455694
185.4829113924051
166.04683544303793
206.69246118351316
176.61234688703664
205.83260716795502
186.0442726633872
171.05583489161992
186.26068072082245
164.17616741809914
144.76036542515814
136.78468025298667
143.66630758693128
128.08759885070765
145.41735769501054
134.74162493217221
116.82531645569621
127.45981230527143
138.1439698815202
131.26874849889253
135.36902781607762
117.20970627218304
143.77326046796077
138.42431460591177
125.22518836119094
165.5693391568891
174.73498644338125
180.6030415590168
176.6692847124825
189.80194097799307
179.19649614576034
212.78777582409376
210.24876043170627
217.55800210526107
209.90707569606798
204.81954552191579
165.79894810659187
193.85877286484094
157.39909337860783
151.7623729238946
133.69476179227874
103.92209640510814
119.29368863955119
105.22819074333802
78.56661991584852
75.59319775596073
