83.47861150070126
56.260751457887366
66.5631320224719
66.05168539325842
63.56959269662921
50.22801966292135
53.25435393258427
45.88609550561798
42.35912921348314
49.353370786516855
47.322823033707856
38.21500173711181
43.27212078651686
33.338623595505624
33.46952247191011
29.35426978685798
36.25316455696203
35.38101265822785
41.97060369324508
42.75840867992767
33.01871921182266
47.92322308233638
45.42828993666432
39.43560872624912
36.11907107670655
44.60492610837439
81.23166783954962
137.52513162720163
165.1335679099226
185.46170664380367
187.86432490936136
215.83734177215192
200.0866661024951
249.07153893806182
210.42983903295058
245.54438575080843
248.54240506329114
213.6020635316545
245.70530469717352
239.3451384744208
237.6437539610677
214.44222279489745
239.5892329345531
203.2214911141727
230.9953275316926
194.29969001199314
214.40375365493455
199.72528572319368
215.76687526167166
186.20951727701123
197.37025316455694
193.9829113924051
201.04683544303793
176.19246118351316
178.11234688703664
163.33260716795502
195.5442726633872
193.55583489161992
181.76068072082245
177.17616741809914
182.76036542515814
135.78468025298667
132.66630758693094
133.58759885070765
119.91735769501052
115.7416249321722
119.82531645569621
137.45981230527144
120.64396988152022
126.26874849889253
123.36902781607763
124.70970627218304
128.27326046796077
125.42431460591176
122.72518836119094
149.0693391568891
150.73498644338125
174.1030415590168
183.1692847124825
160.30194097799307
188.69649614576034
183.78777582409376
220.24876043170627
238.55800210526107
212.90707569606798
208.31954552191579
189.79894810659187
179.85877286484094
158.39909337860783
140.2623729238946
122.19476179227874
101.92209640510814
96.79368863955119
87.72819074333802
79.56661991584852
82.59319775596073
