74.47861150070126
58.760751457887366
66.0631320224719
58.551685393258424
44.56959269662921
43.72801966292135
46.75435393258427
48.88609550561798
35.35912921348314
50.853370786516855
39.322823033707856
35.71500173711181
38.77212078651686
35.338623595505624
34.96952247191011
39.854269786857984
38.75316455696203
38.88101265822785
42.97060369324508
33.75840867992767
46.01871921182266
40.92322308233638
38.42828993666432
38.93560872624912
50.11907107670655
49.10492610837439
61.231667839549615
124.02513162720163
149.6335679099226
182.96170664380367
194.36432490936136
227.33734177215192
222.0866661024951
246.07153893806182
232.92983903295058
219.04438575080843
227.04240506329114
243.6020635316545
212.20530469717352
210.8451384744208
211.1437539610677
214.94222279489745
210.5892329345531
201.2214911141727
228.4953275316926
203.79969001199314
223.40375365493455
228.22528572319368
192.76687526167166
190.70951727701123
168.37025316455694
176.9829113924051
201.04683544303793
162.69246118351316
165.11234688703664
178.83260716795502
163.0442726633872
177.55583489161992
164.26068072082245
149.17616741809914
164.76036542515814
168.28468025298667
152.6663075869315
122.58759885070765
118.91735769501052
123.7416249321722
133.82531645569622
125.45981230527143
125.64396988152022
136.76874849889253
113.86902781607763
131.70970627218304
123.27326046796075
144.92431460591177
137.22518836119093
160.0693391568891
162.73498644338125
185.6030415590168
202.6692847124825
186.30194097799307
202.69649614576034
184.78777582409376
230.74876043170627
221.05800210526107
181.90707569606798
182.31954552191579
182.79894810659187
182.35877286484094
170.39909337860783
165.7623729238946
148.69476179227874
127.42209640510814
120.29368863955119
106.22819074333802
99.06661991584852
72.09319775596073
