65.47861150070126
70.76075145788737
67.0631320224719
55.551685393258424
61.56959269662921
60.22801966292135
53.75435393258427
43.88609550561798
39.85912921348314
50.853370786516855
35.322823033707856
37.71500173711181
38.77212078651686
41.838623595505624
36.96952247191011
38.854269786857984
46.25316455696203
37.88101265822785
33.97060369324508
44.75840867992767
41.01871921182266
36.92322308233638
50.42828993666432
51.43560872624912
43.61907107670655
52.60492610837439
70.23166783954962
137.02513162720163
137.6335679099226
175.46170664380367
183.36432490936136
197.83734177215192
217.5866661024951
230.07153893806182
221.42983903295058
205.04438575080843
209.04240506329114
218.1020635316545
237.70530469717352
246.3451384744208
209.6437539610677
228.44222279489745
222.0892329345531
227.7214911141727
209.4953275316926
196.29969001199314
230.90375365493455
186.72528572319368
207.26687526167166
183.70951727701123
168.87025316455694
170.9829113924051
187.54683544303793
182.19246118351316
194.61234688703664
194.33260716795502
170.0442726633872
192.55583489161992
177.76068072082245
185.67616741809914
178.76036542515814
158.78468025298667
160.16630758693174
124.58759885070765
152.91735769501054
145.74162493217221
143.82531645569622
117.45981230527143
107.64396988152022
140.76874849889253
132.36902781607762
110.20970627218304
141.27326046796077
127.42431460591176
145.22518836119093
143.0693391568891
160.23498644338125
184.1030415590168
171.6692847124825
161.30194097799307
179.19649614576034
214.78777582409376
227.24876043170627
212.05800210526107
193.40707569606798
166.81954552191579
177.79894810659187
159.35877286484094
174.39909337860783
158.7623729238946
126.69476179227874
118.92209640510814
111.79368863955119
107.22819074333802
92.56661991584852
71.09319775596073
