62.47861150070126
63.260751457887366
54.563132022471905
63.051685393258424
48.56959269662921
54.22801966292135
47.25435393258427
44.88609550561798
44.85912921348314
49.353370786516855
46.322823033707856
35.71500173711181
36.77212078651686
36.338623595505624
37.96952247191011
28.85426978685798
30.753164556962027
32.38101265822785
44.47060369324508
40.25840867992767
33.01871921182266
35.42322308233638
38.92828993666432
51.43560872624912
51.61907107670655
43.10492610837439
66.23166783954962
126.02513162720163
166.1335679099226
152.96170664380367
167.36432490936136
196.83734177215192
222.5866661024951
211.57153893806182
253.92983903295058
220.54438575080843
216.54240506329114
235.1020635316545
221.70530469717352
229.3451384744208
247.1437539610677
225.94222279489745
192.0892329345531
197.2214911141727
213.4953275316926
221.79969001199314
225.40375365493455
231.72528572319368
197.26687526167166
195.70951727701123
203.87025316455694
188.4829113924051
192.54683544303793
170.19246118351316
175.61234688703664
206.83260716795502
206.0442726633872
162.55583489161992
149.26068072082245
169.67616741809914
174.76036542515814
149.28468025298667
137.6663075869311
131.08759885070765
152.41735769501054
115.2416249321722
123.32531645569621
116.45981230527143
140.1439698815202
128.26874849889253
138.36902781607762
125.70970627218304
120.77326046796075
139.92431460591177
148.22518836119093
159.0693391568891
154.73498644338125
171.6030415590168
166.6692847124825
156.80194097799307
194.19649614576034
215.78777582409376
209.74876043170627
230.05800210526107
220.40707569606798
185.31954552191579
174.29894810659187
189.85877286484094
177.89909337860783
151.2623729238946
121.19476179227874
109.92209640510814
91.79368863955119
94.72819074333802
80.56661991584852
69.09319775596073
