67.97861150070126
74.76075145788737
58.063132022471905
61.551685393258424
55.06959269662921
56.22801966292135
46.25435393258427
40.38609550561798
41.85912921348314
39.353370786516855
39.822823033707856
45.71500173711181
45.27212078651686
28.838623595505624
40.96952247191011
35.354269786857984
42.25316455696203
34.38101265822785
44.97060369324508
48.25840867992767
48.01871921182266
50.92322308233638
38.42828993666432
44.43560872624912
50.11907107670655
58.60492610837439
73.23166783954962
137.02513162720163
143.1335679099226
187.96170664380367
185.86432490936136
227.83734177215192
223.0866661024951
251.07153893806182
205.42983903295058
252.04438575080843
212.54240506329114
250.1020635316545
237.20530469717352
251.3451384744208
221.6437539610677
206.94222279489745
224.5892329345531
190.7214911141727
228.9953275316926
193.29969001199314
205.40375365493455
222.72528572319368
182.76687526167166
181.20951727701123
212.37025316455694
201.4829113924051
208.04683544303793
206.69246118351316
201.11234688703664
181.33260716795502
201.0442726633872
195.55583489161992
150.76068072082245
166.17616741809914
171.26036542515814
154.78468025298667
151.6663075869315
149.08759885070765
141.91735769501054
126.2416249321722
124.32531645569621
125.45981230527143
112.64396988152022
129.76874849889253
135.86902781607762
142.20970627218304
127.77326046796075
140.42431460591177
131.22518836119093
141.5693391568891
167.73498644338125
186.6030415590168
185.6692847124825
199.30194097799307
195.69649614576034
183.28777582409376
189.74876043170627
206.05800210526107
181.40707569606798
186.81954552191579
192.29894810659187
154.35877286484094
149.89909337860783
138.2623729238946
121.69476179227874
116.92209640510814
97.29368863955119
91.22819074333802
85.56661991584852
79.09319775596073
