75.97861150070126
53.760751457887366
56.063132022471905
49.551685393258424
63.06959269662921
45.72801966292135
46.25435393258427
36.88609550561798
39.35912921348314
37.353370786516855
47.822823033707856
38.21500173711181
44.27212078651686
35.338623595505624
39.46952247191011
40.854269786857984
38.25316455696203
42.38101265822785
39.97060369324508
47.75840867992767
39.01871921182266
46.92322308233638
35.92828993666432
35.93560872624912
49.11907107670655
46.10492610837439
61.231667839549615
110.52513162720163
173.6335679099226
179.96170664380367
202.36432490936136
225.33734177215192
216.5866661024951
240.07153893806182
226.42983903295058
230.04438575080843
223.04240506329114
244.1020635316545
256.7053046971735
242.8451384744208
250.6437539610677
216.94222279489745
239.0892329345531
198.2214911141727
220.4953275316926
205.29969001199314
194.90375365493455
198.22528572319368
228.76687526167166
206.20951727701123
177.87025316455694
193.4829113924051
200.04683544303793
197.19246118351316
166.61234688703664
201.83260716795502
186.0442726633872
182.05583489161992
169.26068072082245
177.17616741809914
146.26036542515814
140.78468025298667
145.1663075869313
136.58759885070765
137.41735769501054
125.7416249321722
114.82531645569621
108.95981230527143
122.64396988152022
111.26874849889253
140.36902781607762
115.70970627218304
129.77326046796077
126.42431460591176
136.22518836119093
149.5693391568891
157.73498644338125
191.6030415590168
189.6692847124825
166.80194097799307
203.69649614576034
188.78777582409376
211.74876043170627
199.55800210526107
223.90707569606798
177.81954552191579
166.29894810659187
170.35877286484094
159.39909337860783
130.7623729238946
114.69476179227874
123.42209640510814
113.29368863955119
84.72819074333802
96.56661991584852
82.09319775596073
