79.47861150070126
55.760751457887366
66.5631320224719
50.051685393258424
53.06959269662921
44.72801966292135
55.75435393258427
45.88609550561798
37.85912921348314
42.853370786516855
49.322823033707856
47.21500173711181
33.77212078651686
41.838623595505624
33.96952247191011
31.35426978685798
41.25316455696203
39.38101265822785
44.97060369324508
44.25840867992767
45.51871921182266
44.92322308233638
45.42828993666432
51.43560872624912
38.11907107670655
54.10492610837439
61.731667839549615
109.52513162720163
165.1335679099226
170.96170664380367
189.86432490936136
215.33734177215192
245.0866661024951
244.57153893806182
222.92983903295058
253.54438575080843
241.04240506329114
213.1020635316545
249.70530469717352
212.8451384744208
214.1437539610677
211.44222279489745
194.0892329345531
209.7214911141727
192.9953275316926
205.79969001199314
236.90375365493455
234.72528572319368
200.26687526167166
202.70951727701123
201.37025316455694
202.9829113924051
191.54683544303793
207.19246118351316
178.61234688703664
184.83260716795502
206.5442726633872
175.05583489161992
159.76068072082245
157.17616741809914
153.26036542515814
138.78468025298667
140.16630758693117
126.08759885070765
149.41735769501054
116.2416249321722
117.32531645569621
140.95981230527144
107.64396988152022
142.26874849889253
137.86902781607762
128.20970627218304
125.27326046796075
128.42431460591177
131.72518836119093
167.0693391568891
165.73498644338125
179.1030415590168
168.6692847124825
198.30194097799307
210.69649614576034
210.28777582409376
190.74876043170627
207.05800210526107
221.40707569606798
169.81954552191579
169.79894810659187
169.85877286484094
167.39909337860783
153.7623729238946
122.19476179227874
123.42209640510814
118.79368863955119
84.72819074333802
89.56661991584852
79.09319775596073
