81.97861150070126
74.26075145788737
68.0631320224719
64.55168539325842
61.06959269662921
51.72801966292135
39.25435393258427
44.38609550561798
45.35912921348314
48.853370786516855
48.822823033707856
39.21500173711181
32.77212078651686
44.338623595505624
31.96952247191011
31.85426978685798
40.75316455696203
35.38101265822785
43.97060369324508
40.25840867992767
37.51871921182266
34.42322308233638
40.42828993666432
44.43560872624912
38.11907107670655
48.10492610837439
63.231667839549615
132.52513162720163
159.1335679099226
167.46170664380367
164.36432490936136
205.83734177215192
247.0866661024951
218.57153893806182
211.92983903295058
210.04438575080843
228.04240506329114
249.1020635316545
217.20530469717352
253.3451384744208
245.6437539610677
198.94222279489745
228.0892329345531
189.7214911141727
214.9953275316926
223.79969001199314
188.90375365493455
195.22528572319368
214.26687526167166
189.20951727701123
173.87025316455694
190.9829113924051
193.54683544303793
167.69246118351316
205.11234688703664
178.83260716795502
205.5442726633872
188.55583489161992
180.26068072082245
180.17616741809914
150.26036542515814
167.78468025298667
151.6663075869315
152.58759885070765
130.91735769501054
130.24162493217221
115.82531645569621
135.95981230527144
110.14396988152022
109.26874849889253
137.86902781607762
112.70970627218304
121.27326046796075
138.92431460591177
136.22518836119093
158.5693391568891
151.73498644338125
162.6030415590168
176.1692847124825
193.80194097799307
192.69649614576034
218.78777582409376
209.24876043170627
234.55800210526107
197.40707569606798
167.31954552191579
186.79894810659187
171.35877286484094
146.89909337860783
165.2623729238946
145.69476179227874
109.42209640510814
102.29368863955119
91.72819074333802
96.06661991584852
88.09319775596073
