66.47861150070126
62.760751457887366
54.563132022471905
52.551685393258424
48.56959269662921
51.22801966292135
43.75435393258427
52.88609550561798
52.35912921348314
40.853370786516855
38.322823033707856
45.71500173711181
45.77212078651686
31.838623595505624
29.96952247191011
28.35426978685798
40.25316455696203
32.88101265822785
40.47060369324508
34.25840867992767
41.01871921182266
41.42322308233638
50.42828993666432
42.93560872624912
43.61907107670655
48.10492610837439
77.73166783954962
136.52513162720163
167.6335679099226
180.96170664380367
170.36432490936136
205.33734177215192
199.5866661024951
261.57153893806185
230.92983903295058
220.54438575080843
223.54240506329114
204.6020635316545
262.7053046971735
209.8451384744208
219.1437539610677
199.44222279489745
217.0892329345531
195.2214911141727
207.9953275316926
223.29969001199314
205.90375365493455
210.22528572319368
207.76687526167166
215.70951727701123
209.37025316455694
175.9829113924051
164.54683544303793
170.69246118351316
198.61234688703664
186.33260716795502
188.5442726633872
183.05583489161992
163.26068072082245
186.17616741809914
153.76036542515814
139.28468025298667
160.16630758693174
122.58759885070765
134.91735769501054
118.7416249321722
138.82531645569622
112.95981230527143
115.14396988152022
125.26874849889253
126.36902781607763
121.70970627218304
128.27326046796077
131.92431460591177
133.22518836119093
151.5693391568891
175.23498644338125
179.6030415590168
198.6692847124825
173.30194097799307
170.69649614576034
204.28777582409376
187.24876043170627
221.55800210526107
210.90707569606798
194.81954552191579
202.79894810659187
167.35877286484094
147.89909337860783
151.7623729238946
127.69476179227874
106.92209640510814
121.79368863955119
95.22819074333802
86.06661991584852
78.09319775596073
