79.47861150070126
72.76075145788737
55.063132022471905
54.551685393258424
52.06959269662921
57.72801966292135
39.75435393258427
53.88609550561798
44.85912921348314
38.853370786516855
38.322823033707856
32.21500173711181
30.272120786516858
37.338623595505624
42.46952247191011
38.354269786857984
46.25316455696203
42.38101265822785
31.47060369324508
47.25840867992767
34.51871921182266
48.42322308233638
38.42828993666432
37.93560872624912
39.11907107670655
60.10492610837439
67.23166783954962
138.02513162720163
156.6335679099226
174.46170664380367
205.36432490936136
192.83734177215192
213.0866661024951
250.57153893806182
234.42983903295058
245.54438575080843
242.04240506329114
221.6020635316545
227.20530469717352
210.3451384744208
235.1437539610677
228.94222279489745
191.0892329345531
187.7214911141727
196.4953275316926
199.29969001199314
211.90375365493455
227.72528572319368
205.76687526167166
203.20951727701123
187.37025316455694
202.4829113924051
194.04683544303793
167.69246118351316
170.11234688703664
168.33260716795502
183.0442726633872
178.55583489161992
187.76068072082245
173.17616741809914
148.26036542515814
171.78468025298667
152.1663075869315
127.58759885070765
125.91735769501052
126.2416249321722
139.82531645569622
133.45981230527144
135.1439698815202
139.76874849889253
121.86902781607763
133.70970627218304
145.77326046796077
131.92431460591177
125.72518836119094
157.5693391568891
149.73498644338125
160.6030415590168
207.1692847124825
194.80194097799307
199.69649614576034
196.78777582409376
205.74876043170627
235.55800210526107
184.40707569606798
195.81954552191579
164.79894810659187
188.35877286484094
159.89909337860783
150.7623729238946
127.19476179227874
122.42209640510814
114.29368863955119
106.22819074333802
97.56661991584852
90.09319775596073
