80.97861150070126
69.76075145788737
70.0631320224719
53.551685393258424
46.56959269662921
51.72801966292135
53.75435393258427
41.88609550561798
43.35912921348314
40.853370786516855
44.322823033707856
33.71500173711181
31.272120786516858
39.838623595505624
43.46952247191011
31.85426978685798
42.75316455696203
36.88101265822785
45.97060369324508
40.75840867992767
36.51871921182266
39.92322308233638
41.92828993666432
51.43560872624912
47.61907107670655
51.60492610837439
62.731667839549615
139.52513162720163
165.1335679099226
184.96170664380367
193.36432490936136
216.83734177215192
204.0866661024951
227.57153893806182
232.42983903295058
205.54438575080843
224.04240506329114
241.1020635316545
263.2053046971735
223.3451384744208
227.6437539610677
205.44222279489745
195.5892329345531
199.7214911141727
215.9953275316926
197.79969001199314
221.90375365493455
218.22528572319368
208.76687526167166
175.70951727701123
214.37025316455694
210.4829113924051
189.54683544303793
169.19246118351316
205.11234688703664
171.33260716795502
193.0442726633872
176.05583489161992
182.26068072082245
148.67616741809914
157.26036542515814
160.78468025298667
141.66630758693123
145.08759885070765
151.41735769501054
130.24162493217221
124.82531645569621
112.95981230527143
124.14396988152022
129.26874849889253
123.36902781607763
115.20970627218304
124.77326046796075
133.92431460591177
133.22518836119093
142.0693391568891
183.23498644338125
181.6030415590168
179.6692847124825
197.80194097799307
198.19649614576034
194.28777582409376
184.74876043170627
226.05800210526107
189.90707569606798
187.81954552191579
172.29894810659187
168.35877286484094
181.39909337860783
167.7623729238946
139.69476179227874
124.92209640510814
117.79368863955119
104.72819074333802
97.06661991584852
87.59319775596073
