77.47861150070126
60.260751457887366
55.563132022471905
51.051685393258424
63.56959269662921
43.22801966292135
40.25435393258427
49.88609550561798
43.35912921348314
42.853370786516855
47.822823033707856
47.71500173711181
45.77212078651686
38.838623595505624
43.46952247191011
31.35426978685798
41.25316455696203
44.38101265822785
42.97060369324508
33.75840867992767
34.51871921182266
42.92322308233638
35.42828993666432
44.43560872624912
36.61907107670655
56.60492610837439
80.73166783954962
113.02513162720163
149.6335679099226
179.46170664380367
196.36432490936136
225.33734177215192
202.5866661024951
225.07153893806182
217.42983903295058
257.54438575080843
212.54240506329114
259.1020635316545
252.20530469717352
239.3451384744208
232.6437539610677
237.94222279489745
215.5892329345531
219.7214911141727
189.9953275316926
221.79969001199314
227.40375365493455
190.22528572319368
219.26687526167166
217.70951727701123
186.87025316455694
181.9829113924051
181.54683544303793
180.19246118351316
190.11234688703664
169.83260716795502
167.0442726633872
184.55583489161992
154.76068072082245
148.17616741809914
168.76036542515814
134.28468025298667
165.16630758693188
143.58759885070765
138.41735769501054
117.7416249321722
124.32531645569621
141.45981230527144
114.14396988152022
120.76874849889253
126.36902781607763
125.20970627218304
141.27326046796077
119.92431460591176
126.22518836119094
162.0693391568891
170.23498644338125
178.1030415590168
178.6692847124825
192.30194097799307
193.19649614576034
211.78777582409376
184.24876043170627
204.05800210526107
191.90707569606798
193.81954552191579
195.79894810659187
195.35877286484094
188.89909337860783
138.7623729238946
127.19476179227874
107.92209640510814
121.29368863955119
109.22819074333802
85.56661991584852
70.09319775596073
