73.97861150070126
63.260751457887366
61.063132022471905
46.051685393258424
58.56959269662921
49.72801966292135
46.25435393258427
48.88609550561798
37.35912921348314
36.353370786516855
44.322823033707856
47.71500173711181
35.27212078651686
30.338623595505624
38.96952247191011
29.85426978685798
32.75316455696203
34.88101265822785
38.47060369324508
35.75840867992767
41.01871921182266
38.92322308233638
46.92828993666432
42.93560872624912
49.61907107670655
42.10492610837439
63.231667839549615
119.02513162720163
165.1335679099226
147.96170664380367
190.86432490936136
182.83734177215192
243.0866661024951
225.07153893806182
228.42983903295058
241.04438575080843
244.54240506329114
236.6020635316545
210.70530469717352
221.3451384744208
229.1437539610677
239.94222279489745
215.5892329345531
194.7214911141727
187.9953275316926
202.29969001199314
219.90375365493455
207.22528572319368
218.26687526167166
190.20951727701123
183.37025316455694
205.4829113924051
182.04683544303793
203.69246118351316
187.61234688703664
196.83260716795502
171.5442726633872
180.55583489161992
183.76068072082245
152.67616741809914
153.26036542515814
145.78468025298667
147.16630758693137
141.08759885070765
118.91735769501052
119.7416249321722
133.32531645569622
122.95981230527143
140.1439698815202
137.26874849889253
133.36902781607762
118.20970627218304
136.77326046796077
116.92431460591176
157.22518836119093
156.0693391568891
167.73498644338125
181.6030415590168
170.1692847124825
186.80194097799307
169.19649614576034
218.78777582409376
218.74876043170627
216.55800210526107
182.90707569606798
209.31954552191579
182.29894810659187
174.85877286484094
146.39909337860783
143.2623729238946
121.69476179227874
117.42209640510814
102.79368863955119
98.22819074333802
86.06661991584852
81.09319775596073
