63.47861150070126
73.26075145788737
62.063132022471905
48.551685393258424
52.56959269662921
53.72801966292135
49.25435393258427
41.38609550561798
47.85912921348314
49.353370786516855
49.822823033707856
36.71500173711181
30.272120786516858
29.338623595505624
38.96952247191011
38.354269786857984
40.25316455696203
29.381012658227853
42.47060369324508
31.75840867992767
33.51871921182266
48.92322308233638
47.42828993666432
36.93560872624912
41.11907107670655
52.10492610837439
75.73166783954962
140.52513162720163
157.6335679099226
179.46170664380367
165.36432490936136
186.33734177215192
251.5866661024951
259.57153893806185
210.42983903295058
214.54438575080843
249.54240506329114
241.6020635316545
240.70530469717352
220.8451384744208
240.1437539610677
231.94222279489745
213.5892329345531
188.7214911141727
191.4953275316926
209.29969001199314
211.40375365493455
235.22528572319368
210.26687526167166
217.20951727701123
190.37025316455694
167.4829113924051
191.04683544303793
207.69246118351316
203.61234688703664
189.83260716795502
195.5442726633872
172.05583489161992
149.26068072082245
163.17616741809914
156.76036542515814
154.28468025298667
144.16630758693128
128.08759885070765
140.41735769501054
136.24162493217221
141.82531645569622
137.45981230527144
119.64396988152022
133.26874849889253
112.36902781607763
117.70970627218304
138.77326046796077
117.42431460591176
123.22518836119094
155.5693391568891
155.23498644338125
157.6030415590168
183.6692847124825
190.30194097799307
185.69649614576034
205.28777582409376
187.24876043170627
208.55800210526107
215.90707569606798
188.31954552191579
197.29894810659187
165.35877286484094
146.89909337860783
153.7623729238946
114.69476179227874
133.92209640510814
115.29368863955119
109.22819074333802
93.56661991584852
69.59319775596073
