67.47861150070126
68.76075145788737
66.0631320224719
59.051685393258424
51.06959269662921
47.22801966292135
39.75435393258427
51.38609550561798
38.35912921348314
47.353370786516855
42.822823033707856
47.71500173711181
34.27212078651686
30.838623595505624
37.46952247191011
36.354269786857984
42.25316455696203
31.381012658227853
43.97060369324508
44.25840867992767
35.01871921182266
44.92322308233638
47.92828993666432
35.43560872624912
45.11907107670655
57.60492610837439
74.23166783954962
139.02513162720163
151.1335679099226
167.96170664380367
191.86432490936136
195.83734177215192
230.5866661024951
244.57153893806182
227.42983903295058
207.54438575080843
230.54240506329114
258.1020635316545
229.70530469717352
229.8451384744208
230.1437539610677
212.44222279489745
217.5892329345531
208.2214911141727
212.4953275316926
222.79969001199314
196.40375365493455
224.72528572319368
208.26687526167166
215.20951727701123
203.37025316455694
180.4829113924051
208.04683544303793
190.19246118351316
187.11234688703664
166.83260716795502
203.5442726633872
184.55583489161992
180.26068072082245
158.17616741809914
166.26036542515814
143.28468025298667
129.66630758693088
122.58759885070765
133.91735769501054
121.7416249321722
140.32531645569622
133.45981230527144
132.1439698815202
135.26874849889253
130.36902781607762
116.20970627218304
134.77326046796077
134.42431460591177
129.22518836119093
139.5693391568891
156.73498644338125
196.1030415590168
171.1692847124825
161.30194097799307
181.69649614576034
211.78777582409376
206.74876043170627
234.05800210526107
207.90707569606798
195.81954552191579
186.79894810659187
157.35877286484094
155.89909337860783
143.2623729238946
113.69476179227874
108.42209640510814
107.29368863955119
88.22819074333802
89.56661991584852
76.09319775596073
