69.47861150070126
65.76075145788737
58.063132022471905
65.05168539325842
50.56959269662921
47.22801966292135
55.75435393258427
53.88609550561798
43.35912921348314
50.353370786516855
38.322823033707856
43.21500173711181
29.772120786516858
29.338623595505624
37.46952247191011
37.854269786857984
33.25316455696203
40.88101265822785
38.47060369324508
37.25840867992767
38.51871921182266
39.42322308233638
35.42828993666432
47.43560872624912
51.11907107670655
47.60492610837439
74.23166783954962
124.52513162720163
165.6335679099226
157.96170664380367
182.36432490936136
210.33734177215192
234.0866661024951
257.57153893806185
254.42983903295058
215.54438575080843
203.54240506329114
220.6020635316545
263.2053046971735
225.8451384744208
202.1437539610677
218.94222279489745
202.0892329345531
210.7214911141727
184.9953275316926
191.29969001199314
228.40375365493455
231.72528572319368
222.76687526167166
203.20951727701123
204.87025316455694
202.9829113924051
193.04683544303793
176.69246118351316
195.61234688703664
206.83260716795502
198.0442726633872
164.55583489161992
150.76068072082245
164.17616741809914
170.76036542515814
173.28468025298667
142.66630758693123
135.58759885070765
126.41735769501052
123.7416249321722
115.82531645569621
136.95981230527144
111.64396988152022
115.76874849889253
115.86902781607763
117.70970627218304
143.77326046796077
136.92431460591177
122.72518836119094
138.5693391568891
170.23498644338125
161.1030415590168
198.6692847124825
174.80194097799307
200.19649614576034
188.28777582409376
189.24876043170627
194.55800210526107
205.90707569606798
182.31954552191579
200.79894810659187
181.85877286484094
161.89909337860783
153.7623729238946
114.19476179227874
102.92209640510814
101.29368863955119
103.72819074333802
88.06661991584852
87.09319775596073
