76.47861150070126
71.26075145788737
69.5631320224719
60.551685393258424
61.06959269662921
52.22801966292135
44.25435393258427
43.38609550561798
52.85912921348314
39.353370786516855
33.822823033707856
37.71500173711181
36.27212078651686
33.338623595505624
30.96952247191011
41.854269786857984
38.25316455696203
38.88101265822785
45.47060369324508
32.25840867992767
43.51871921182266
48.42322308233638
37.92828993666432
37.93560872624912
41.61907107670655
57.60492610837439
68.73166783954962
132.02513162720163
136.1335679099226
160.96170664380367
176.36432490936136
224.83734177215192
237.5866661024951
246.57153893806182
220.92983903295058
212.04438575080843
213.54240506329114
235.1020635316545
238.70530469717352
210.3451384744208
219.6437539610677
236.94222279489745
221.0892329345531
203.2214911141727
213.9953275316926
215.29969001199314
228.90375365493455
186.72528572319368
211.76687526167166
198.70951727701123
213.37025316455694
171.9829113924051
191.04683544303793
184.69246118351316
204.11234688703664
193.83260716795502
181.0442726633872
193.05583489161992
163.76068072082245
180.67616741809914
178.26036542515814
148.78468025298667
128.16630758693083
143.58759885070765
144.91735769501054
116.2416249321722
127.32531645569621
120.95981230527143
139.1439698815202
136.26874849889253
118.36902781607763
126.70970627218304
147.27326046796077
135.92431460591177
152.22518836119093
156.5693391568891
177.73498644338125
190.1030415590168
205.6692847124825
187.30194097799307
169.69649614576034
186.78777582409376
185.24876043170627
219.55800210526107
228.40707569606798
199.81954552191579
195.79894810659187
170.35877286484094
153.39909337860783
130.2623729238946
136.19476179227874
114.92209640510814
95.29368863955119
100.22819074333802
89.06661991584852
73.59319775596073
