62.97861150070126
60.760751457887366
67.0631320224719
55.551685393258424
51.56959269662921
43.72801966292135
49.25435393258427
53.88609550561798
37.85912921348314
52.853370786516855
32.822823033707856
32.21500173711181
40.77212078651686
32.838623595505624
30.46952247191011
44.354269786857984
38.75316455696203
34.88101265822785
33.97060369324508
37.75840867992767
40.01871921182266
35.92322308233638
34.92828993666432
51.43560872624912
48.11907107670655
56.10492610837439
65.73166783954962
117.02513162720163
134.6335679099226
174.46170664380367
193.36432490936136
214.33734177215192
245.5866661024951
223.57153893806182
203.92983903295058
256.54438575080843
240.04240506329114
204.6020635316545
239.70530469717352
204.3451384744208
243.1437539610677
204.94222279489745
215.0892329345531
234.2214911141727
223.4953275316926
222.29969001199314
236.90375365493455
197.22528572319368
224.26687526167166
207.70951727701123
168.87025316455694
178.9829113924051
173.04683544303793
196.19246118351316
176.11234688703664
177.33260716795502
204.0442726633872
188.05583489161992
176.76068072082245
168.67616741809914
152.76036542515814
171.28468025298667
158.16630758693168
154.58759885070765
123.41735769501052
122.7416249321722
139.82531645569622
120.95981230527143
113.64396988152022
141.76874849889253
131.86902781607762
116.20970627218304
114.27326046796075
139.92431460591177
152.72518836119093
144.0693391568891
144.73498644338125
184.1030415590168
197.1692847124825
166.80194097799307
191.19649614576034
207.28777582409376
204.24876043170627
232.55800210526107
199.90707569606798
165.81954552191579
190.29894810659187
173.35877286484094
179.89909337860783
139.7623729238946
135.19476179227874
130.92209640510814
99.79368863955119
90.72819074333802
94.06661991584852
74.59319775596073
