65.47861150070126
70.76075145788737
55.563132022471905
47.551685393258424
62.56959269662921
45.72801966292135
57.25435393258427
53.88609550561798
35.85912921348314
47.353370786516855
39.822823033707856
32.71500173711181
41.27212078651686
36.838623595505624
35.46952247191011
43.354269786857984
44.75316455696203
34.38101265822785
41.97060369324508
37.75840867992767
32.51871921182266
49.92322308233638
40.92828993666432
41.43560872624912
42.61907107670655
60.10492610837439
61.231667839549615
118.52513162720163
170.6335679099226
167.96170664380367
173.86432490936136
200.83734177215192
223.0866661024951
218.07153893806182
255.92983903295058
244.04438575080843
235.04240506329114
240.1020635316545
218.70530469717352
202.3451384744208
219.1437539610677
205.94222279489745
224.0892329345531
200.2214911141727
232.4953275316926
203.79969001199314
232.40375365493455
213.72528572319368
226.26687526167166
208.20951727701123
190.87025316455694
210.9829113924051
175.54683544303793
195.19246118351316
188.11234688703664
166.83260716795502
172.0442726633872
169.05583489161992
152.76068072082245
157.17616741809914
170.76036542515814
162.28468025298667
129.16630758693086
136.58759885070765
140.41735769501054
127.7416249321722
137.82531645569622
118.45981230527143
132.6439698815202
137.26874849889253
124.36902781607763
126.70970627218304
134.27326046796077
120.42431460591176
129.72518836119093
167.5693391568891
166.73498644338125
187.6030415590168
163.1692847124825
175.80194097799307
204.19649614576034
209.78777582409376
181.74876043170627
213.55800210526107
208.90707569606798
178.31954552191579
193.79894810659187
167.85877286484094
156.89909337860783
150.7623729238946
114.69476179227874
116.92209640510814
120.79368863955119
85.72819074333802
89.06661991584852
76.09319775596073
