76.47861150070126
64.26075145788737
52.063132022471905
55.051685393258424
55.56959269662921
50.72801966292135
41.75435393258427
47.88609550561798
37.85912921348314
52.853370786516855
33.822823033707856
38.21500173711181
34.27212078651686
30.838623595505624
31.46952247191011
42.854269786857984
30.253164556962027
39.38101265822785
36.47060369324508
44.25840867992767
34.01871921182266
41.42322308233638
46.42828993666432
41.43560872624912
41.61907107670655
57.10492610837439
67.73166783954962
143.02513162720163
151.1335679099226
175.46170664380367
185.36432490936136
181.33734177215192
211.5866661024951
225.07153893806182
255.92983903295058
218.54438575080843
246.04240506329114
257.6020635316545
242.70530469717352
205.8451384744208
219.1437539610677
207.94222279489745
236.5892329345531
226.2214911141727
204.4953275316926
198.79969001199314
223.40375365493455
227.22528572319368
184.26687526167166
188.70951727701123
194.37025316455694
168.4829113924051
205.54683544303793
183.19246118351316
165.11234688703664
207.83260716795502
194.5442726633872
177.05583489161992
157.76068072082245
150.67616741809914
167.26036542515814
147.78468025298667
144.16630758693128
136.08759885070765
136.91735769501054
136.74162493217221
128.82531645569622
122.45981230527143
113.64396988152022
133.76874849889253
125.36902781607763
142.20970627218304
140.27326046796077
144.92431460591177
140.72518836119093
145.0693391568891
179.23498644338125
195.1030415590168
163.1692847124825
157.80194097799307
183.69649614576034
184.28777582409376
200.24876043170627
221.55800210526107
229.40707569606798
187.31954552191579
179.79894810659187
153.85877286484094
151.89909337860783
150.7623729238946
147.19476179227874
117.42209640510814
116.29368863955119
83.72819074333802
85.06661991584852
67.59319775596073
