83.47861150070126
67.76075145788737
68.5631320224719
55.551685393258424
63.56959269662921
54.72801966292135
56.25435393258427
38.88609550561798
36.35912921348314
52.853370786516855
37.822823033707856
46.21500173711181
32.77212078651686
40.838623595505624
33.96952247191011
28.85426978685798
44.25316455696203
43.88101265822785
46.47060369324508
35.25840867992767
36.01871921182266
38.92322308233638
51.42828993666432
51.93560872624912
38.61907107670655
42.60492610837439
67.23166783954962
130.02513162720163
155.6335679099226
165.46170664380367
201.86432490936136
221.33734177215192
206.5866661024951
246.57153893806182
212.42983903295058
229.54438575080843
243.04240506329114
246.1020635316545
214.70530469717352
237.8451384744208
243.6437539610677
232.94222279489745
234.5892329345531
193.7214911141727
211.4953275316926
189.29969001199314
228.40375365493455
235.72528572319368
208.76687526167166
217.70951727701123
173.37025316455694
169.4829113924051
203.04683544303793
177.69246118351316
189.11234688703664
192.33260716795502
192.0442726633872
186.55583489161992
174.26068072082245
167.67616741809914
178.26036542515814
170.28468025298667
151.16630758693148
122.08759885070765
139.41735769501054
141.74162493217221
114.32531645569621
118.45981230527143
108.64396988152022
132.76874849889253
139.36902781607762
125.70970627218304
119.77326046796075
144.92431460591177
136.72518836119093
164.0693391568891
170.73498644338125
165.6030415590168
177.1692847124825
169.80194097799307
193.69649614576034
212.28777582409376
187.24876043170627
206.05800210526107
189.40707569606798
204.81954552191579
174.29894810659187
165.35877286484094
154.39909337860783
130.7623729238946
126.69476179227874
110.92209640510814
111.29368863955119
85.22819074333802
77.06661991584852
89.59319775596073
