62.97861150070126
70.76075145788737
61.063132022471905
59.051685393258424
63.56959269662921
58.72801966292135
38.75435393258427
39.38609550561798
38.35912921348314
45.853370786516855
49.822823033707856
38.21500173711181
34.77212078651686
28.338623595505624
34.46952247191011
42.354269786857984
42.75316455696203
29.381012658227853
35.97060369324508
48.25840867992767
48.51871921182266
46.42322308233638
50.42828993666432
51.43560872624912
45.61907107670655
57.60492610837439
76.73166783954962
111.52513162720163
140.6335679099226
186.46170664380367
189.86432490936136
201.33734177215192
214.5866661024951
258.07153893806185
239.92983903295058
207.04438575080843
224.54240506329114
248.1020635316545
217.70530469717352
245.8451384744208
205.1437539610677
219.94222279489745
230.5892329345531
195.2214911141727
233.4953275316926
197.79969001199314
214.40375365493455
186.72528572319368
221.26687526167166
185.20951727701123
191.37025316455694
172.4829113924051
164.04683544303793
201.69246118351316
192.11234688703664
181.83260716795502
196.5442726633872
184.55583489161992
184.76068072082245
180.17616741809914
160.26036542515814
159.28468025298667
145.1663075869313
140.08759885070765
132.41735769501054
121.2416249321722
113.82531645569621
137.45981230527144
135.1439698815202
132.26874849889253
119.36902781607763
131.70970627218304
136.27326046796077
114.42431460591176
144.22518836119093
139.0693391568891
176.23498644338125
178.6030415590168
177.1692847124825
195.80194097799307
174.19649614576034
174.78777582409376
201.24876043170627
238.05800210526107
182.90707569606798
176.81954552191579
165.79894810659187
169.35877286484094
182.89909337860783
130.7623729238946
116.19476179227874
107.92209640510814
121.79368863955119
95.22819074333802
85.56661991584852
71.09319775596073
