74.47861150070126
63.260751457887366
50.063132022471905
52.551685393258424
62.06959269662921
45.72801966292135
41.25435393258427
42.38609550561798
40.85912921348314
52.353370786516855
32.822823033707856
43.71500173711181
31.272120786516858
44.338623595505624
38.46952247191011
35.354269786857984
41.25316455696203
30.881012658227853
32.47060369324508
43.25840867992767
40.01871921182266
40.92322308233638
39.92828993666432
46.43560872624912
48.11907107670655
42.10492610837439
66.23166783954962
113.02513162720163
158.6335679099226
169.96170664380367
171.36432490936136
211.33734177215192
205.5866661024951
217.57153893806182
217.42983903295058
208.54438575080843
239.04240506329114
218.6020635316545
214.20530469717352
242.8451384744208
206.6437539610677
226.94222279489745
196.5892329345531
196.7214911141727
199.9953275316926
230.29969001199314
234.90375365493455
220.22528572319368
210.76687526167166
218.70951727701123
175.87025316455694
200.9829113924051
175.54683544303793
189.19246118351316
192.61234688703664
185.83260716795502
178.5442726633872
191.05583489161992
190.26068072082245
172.67616741809914
167.76036542515814
144.28468025298667
164.66630758693185
137.58759885070765
150.91735769501054
143.74162493217221
125.82531645569621
113.45981230527143
130.1439698815202
143.26874849889253
139.86902781607762
125.20970627218304
138.27326046796077
142.42431460591177
128.72518836119093
140.0693391568891
160.73498644338125
166.1030415590168
180.1692847124825
177.30194097799307
182.19649614576034
196.78777582409376
195.74876043170627
230.55800210526107
221.90707569606798
178.81954552191579
186.79894810659187
157.85877286484094
162.39909337860783
153.2623729238946
142.19476179227874
103.42209640510814
112.29368863955119
108.72819074333802
90.56661991584852
84.59319775596073
