65.97861150070126
53.760751457887366
64.5631320224719
56.051685393258424
53.56959269662921
51.22801966292135
56.25435393258427
38.88609550561798
40.85912921348314
47.853370786516855
35.822823033707856
35.71500173711181
44.77212078651686
31.338623595505624
40.96952247191011
32.354269786857984
32.25316455696203
31.381012658227853
32.97060369324508
38.75840867992767
49.01871921182266
36.92322308233638
34.92828993666432
44.93560872624912
52.61907107670655
51.10492610837439
76.23166783954962
125.02513162720163
154.1335679099226
180.96170664380367
168.36432490936136
211.83734177215192
202.5866661024951
249.57153893806182
247.92983903295058
227.04438575080843
258.54240506329114
257.6020635316545
223.70530469717352
235.8451384744208
210.1437539610677
210.94222279489745
193.5892329345531
226.7214911141727
196.9953275316926
228.29969001199314
224.40375365493455
191.22528572319368
217.26687526167166
219.20951727701123
213.87025316455694
182.4829113924051
195.54683544303793
166.19246118351316
199.11234688703664
192.33260716795502
165.5442726633872
185.05583489161992
188.76068072082245
149.67616741809914
148.76036542515814
143.78468025298667
159.66630758693174
138.08759885070765
150.91735769501054
139.74162493217221
136.82531645569622
115.95981230527143
120.64396988152022
113.26874849889253
120.36902781607763
115.20970627218304
117.27326046796075
119.92431460591176
143.72518836119093
152.5693391568891
174.73498644338125
177.1030415590168
192.6692847124825
194.80194097799307
185.69649614576034
198.78777582409376
203.24876043170627
190.55800210526107
200.90707569606798
209.31954552191579
192.79894810659187
178.35877286484094
170.89909337860783
162.2623729238946
147.69476179227874
113.42209640510814
115.29368863955119
107.72819074333802
94.06661991584852
86.09319775596073
