74.97861150070126
55.760751457887366
68.5631320224719
52.051685393258424
55.56959269662921
48.22801966292135
56.25435393258427
46.88609550561798
38.85912921348314
36.353370786516855
45.822823033707856
42.21500173711181
33.27212078651686
30.338623595505624
29.46952247191011
38.354269786857984
31.753164556962027
39.88101265822785
33.47060369324508
32.25840867992767
45.51871921182266
38.92322308233638
34.92828993666432
41.93560872624912
36.61907107670655
42.10492610837439
76.23166783954962
143.02513162720163
161.1335679099226
180.46170664380367
205.36432490936136
219.83734177215192
241.5866661024951
248.07153893806182
231.42983903295058
253.54438575080843
229.54240506329114
250.6020635316545
251.20530469717352
248.8451384744208
209.1437539610677
197.94222279489745
197.0892329345531
205.7214911141727
183.9953275316926
233.29969001199314
230.90375365493455
186.22528572319368
187.76687526167166
179.20951727701123
206.87025316455694
181.4829113924051
194.54683544303793
162.19246118351316
183.11234688703664
200.83260716795502
185.0442726633872
159.05583489161992
188.76068072082245
176.67616741809914
149.76036542515814
153.28468025298667
157.16630758693165
129.08759885070765
137.41735769501054
141.24162493217221
133.32531645569622
122.95981230527143
116.64396988152022
116.76874849889253
131.86902781607762
128.70970627218304
133.27326046796077
118.92431460591176
132.72518836119093
166.5693391568891
146.73498644338125
195.6030415590168
169.6692847124825
200.80194097799307
185.69649614576034
202.28777582409376
214.74876043170627
227.05800210526107
212.90707569606798
210.81954552191579
201.29894810659187
172.85877286484094
178.39909337860783
158.2623729238946
120.69476179227874
104.42209640510814
91.79368863955119
95.22819074333802
96.06661991584852
73.59319775596073
