70.47861150070126
61.260751457887366
57.063132022471905
55.551685393258424
59.56959269662921
53.72801966292135
42.25435393258427
45.38609550561798
51.35912921348314
38.353370786516855
37.322823033707856
47.71500173711181
41.77212078651686
40.338623595505624
32.96952247191011
34.354269786857984
42.25316455696203
29.881012658227853
41.47060369324508
42.75840867992767
48.01871921182266
47.92322308233638
34.42828993666432
42.43560872624912
45.11907107670655
49.10492610837439
77.73166783954962
120.52513162720163
152.6335679099226
146.96170664380367
171.86432490936136
214.33734177215192
228.0866661024951
227.07153893806182
208.42983903295058
203.04438575080843
205.04240506329114
247.6020635316545
237.20530469717352
206.3451384744208
208.1437539610677
234.94222279489745
205.0892329345531
191.7214911141727
202.9953275316926
193.29969001199314
195.90375365493455
236.22528572319368
202.26687526167166
185.20951727701123
194.37025316455694
192.4829113924051
163.54683544303793
165.69246118351316
192.11234688703664
168.33260716795502
180.0442726633872
197.05583489161992
149.76068072082245
178.67616741809914
170.76036542515814
152.28468025298667
144.16630758693128
139.58759885070765
127.41735769501052
133.74162493217221
127.32531645569621
117.95981230527143
114.64396988152022
142.26874849889253
117.36902781607763
114.20970627218304
137.77326046796077
139.42431460591177
156.72518836119093
142.5693391568891
143.73498644338125
178.6030415590168
203.6692847124825
165.80194097799307
207.19649614576034
219.28777582409376
223.24876043170627
232.05800210526107
180.40707569606798
169.31954552191579
175.79894810659187
168.35877286484094
160.89909337860783
139.7623729238946
141.69476179227874
109.92209640510814
94.79368863955119
106.72819074333802
80.06661991584852
66.59319775596073
