64.97861150070126
60.260751457887366
64.0631320224719
52.051685393258424
53.06959269662921
41.72801966292135
54.75435393258427
52.88609550561798
49.85912921348314
38.353370786516855
41.322823033707856
39.21500173711181
34.27212078651686
38.838623595505624
32.96952247191011
41.854269786857984
41.25316455696203
35.88101265822785
31.97060369324508
40.75840867992767
44.51871921182266
40.92322308233638
36.92828993666432
41.93560872624912
38.11907107670655
48.60492610837439
80.73166783954962
120.52513162720163
155.6335679099226
167.46170664380367
195.36432490936136
181.83734177215192
223.0866661024951
218.07153893806182
223.42983903295058
232.04438575080843
229.54240506329114
244.1020635316545
235.20530469717352
222.8451384744208
233.1437539610677
212.44222279489745
188.0892329345531
229.2214911141727
216.9953275316926
232.29969001199314
205.40375365493455
201.72528572319368
222.76687526167166
198.70951727701123
174.37025316455694
173.9829113924051
207.04683544303793
200.69246118351316
175.61234688703664
192.33260716795502
195.0442726633872
181.05583489161992
156.26068072082245
148.67616741809914
182.76036542515814
140.78468025298667
137.6663075869311
128.08759885070765
140.41735769501054
127.7416249321722
126.32531645569621
111.95981230527143
108.14396988152022
143.26874849889253
115.86902781607763
129.20970627218304
130.77326046796077
116.92431460591176
131.72518836119093
138.5693391568891
156.23498644338125
162.6030415590168
186.1692847124825
190.80194097799307
170.69649614576034
193.78777582409376
213.24876043170627
195.05800210526107
215.40707569606798
202.81954552191579
181.29894810659187
188.85877286484094
156.89909337860783
144.2623729238946
116.69476179227874
120.42209640510814
99.29368863955119
83.72819074333802
89.56661991584852
87.59319775596073
