76.47861150070126
55.260751457887366
68.0631320224719
57.051685393258424
54.56959269662921
47.72801966292135
56.25435393258427
54.88609550561798
36.85912921348314
38.853370786516855
39.322823033707856
33.21500173711181
38.27212078651686
37.838623595505624
29.96952247191011
39.854269786857984
31.253164556962027
40.88101265822785
37.97060369324508
45.25840867992767
41.01871921182266
47.42322308233638
39.42828993666432
49.43560872624912
37.11907107670655
54.10492610837439
77.73166783954962
142.02513162720163
152.1335679099226
177.96170664380367
195.36432490936136
194.33734177215192
200.0866661024951
225.57153893806182
216.42983903295058
236.54438575080843
227.54240506329114
252.6020635316545
257.2053046971735
239.3451384744208
208.6437539610677
211.94222279489745
192.5892329345531
233.7214911141727
202.4953275316926
228.79969001199314
187.40375365493455
212.22528572319368
216.76687526167166
218.20951727701123
172.87025316455694
195.4829113924051
177.54683544303793
167.69246118351316
179.11234688703664
175.33260716795502
183.0442726633872
176.55583489161992
171.26068072082245
179.67616741809914
178.76036542515814
170.28468025298667
156.16630758693162
151.58759885070765
145.91735769501054
127.2416249321722
140.32531645569622
125.45981230527143
118.14396988152022
127.26874849889253
108.86902781607763
127.20970627218304
123.77326046796075
125.92431460591176
151.72518836119093
171.5693391568891
150.23498644338125
186.1030415590168
169.6692847124825
195.80194097799307
191.69649614576034
174.78777582409376
181.24876043170627
204.05800210526107
185.40707569606798
196.31954552191579
185.79894810659187
178.85877286484094
185.39909337860783
155.2623729238946
120.19476179227874
125.42209640510814
97.29368863955119
84.72819074333802
87.06661991584852
89.09319775596073
