61.97861150070126
67.76075145788737
59.063132022471905
62.551685393258424
51.56959269662921
54.22801966292135
53.25435393258427
50.88609550561798
49.35912921348314
44.853370786516855
41.322823033707856
41.21500173711181
39.77212078651686
28.338623595505624
41.96952247191011
42.854269786857984
36.75316455696203
35.38101265822785
35.47060369324508
42.25840867992767
35.51871921182266
33.92322308233638
40.92828993666432
34.43560872624912
36.11907107670655
42.60492610837439
66.23166783954962
113.02513162720163
137.6335679099226
176.46170664380367
194.86432490936136
207.33734177215192
214.5866661024951
253.57153893806182
208.42983903295058
245.54438575080843
242.54240506329114
258.6020635316545
260.2053046971735
203.3451384744208
223.1437539610677
204.94222279489745
221.0892329345531
232.7214911141727
229.4953275316926
227.79969001199314
192.40375365493455
206.72528572319368
217.76687526167166
205.70951727701123
173.87025316455694
198.9829113924051
205.54683544303793
185.19246118351316
186.61234688703664
205.83260716795502
202.5442726633872
157.05583489161992
180.26068072082245
154.17616741809914
168.26036542515814
172.28468025298667
129.66630758693088
156.08759885070765
124.41735769501052
134.24162493217221
133.32531645569622
117.45981230527143
136.6439698815202
120.26874849889253
109.86902781607763
133.70970627218304
147.27326046796077
132.42431460591177
123.22518836119094
141.0693391568891
154.23498644338125
201.1030415590168
201.1692847124825
167.30194097799307
192.19649614576034
211.28777582409376
214.74876043170627
234.55800210526107
225.90707569606798
178.31954552191579
167.79894810659187
164.85877286484094
156.39909337860783
150.7623729238946
121.69476179227874
133.42209640510814
100.29368863955119
104.72819074333802
94.06661991584852
87.59319775596073
