68.97861150070126
66.76075145788737
66.5631320224719
59.551685393258424
49.06959269662921
47.22801966292135
45.75435393258427
38.38609550561798
38.35912921348314
46.853370786516855
49.322823033707856
32.21500173711181
36.27212078651686
40.338623595505624
34.96952247191011
28.35426978685798
33.25316455696203
35.88101265822785
38.47060369324508
32.75840867992767
49.01871921182266
39.92322308233638
49.92828993666432
42.43560872624912
39.11907107670655
58.10492610837439
70.23166783954962
124.02513162720163
164.1335679099226
162.46170664380367
186.36432490936136
217.83734177215192
229.0866661024951
226.57153893806182
242.92983903295058
237.04438575080843
227.04240506329114
228.6020635316545
263.2053046971735
230.8451384744208
207.6437539610677
231.44222279489745
233.5892329345531
199.7214911141727
232.9953275316926
225.79969001199314
207.90375365493455
201.22528572319368
182.26687526167166
222.70951727701123
177.37025316455694
198.9829113924051
199.04683544303793
166.69246118351316
194.61234688703664
183.83260716795502
163.5442726633872
187.05583489161992
169.26068072082245
187.67616741809914
155.76036542515814
155.78468025298667
136.66630758693105
120.58759885070765
119.91735769501052
134.24162493217221
132.32531645569622
117.95981230527143
119.64396988152022
132.26874849889253
132.36902781607762
116.70970627218304
126.27326046796075
143.92431460591177
153.22518836119093
153.0693391568891
168.73498644338125
192.1030415590168
161.6692847124825
163.80194097799307
172.69649614576034
218.28777582409376
222.74876043170627
222.05800210526107
208.40707569606798
167.31954552191579
160.79894810659187
165.85877286484094
162.39909337860783
164.7623729238946
116.69476179227874
103.42209640510814
116.29368863955119
106.22819074333802
92.06661991584852
70.09319775596073
