63.47861150070126
68.76075145788737
65.0631320224719
56.051685393258424
57.06959269662921
41.72801966292135
57.25435393258427
54.88609550561798
35.85912921348314
43.853370786516855
39.822823033707856
43.71500173711181
41.27212078651686
30.338623595505624
32.96952247191011
41.354269786857984
41.25316455696203
37.38101265822785
30.97060369324508
48.75840867992767
44.51871921182266
40.92322308233638
39.92828993666432
49.93560872624912
45.61907107670655
47.10492610837439
81.73166783954962
143.02513162720163
151.1335679099226
176.96170664380367
174.86432490936136
220.83734177215192
244.5866661024951
233.57153893806182
206.42983903295058
225.04438575080843
252.54240506329114
218.1020635316545
228.70530469717352
244.3451384744208
251.1437539610677
201.94222279489745
206.0892329345531
219.2214911141727
214.4953275316926
205.79969001199314
217.90375365493455
206.72528572319368
212.76687526167166
187.20951727701123
207.37025316455694
202.4829113924051
180.04683544303793
197.19246118351316
179.11234688703664
197.33260716795502
195.5442726633872
167.55583489161992
157.76068072082245
188.67616741809914
167.26036542515814
154.28468025298667
144.16630758693128
155.58759885070765
143.91735769501054
141.74162493217221
142.82531645569622
138.45981230527144
108.14396988152022
112.76874849889253
110.36902781607763
112.70970627218304
132.77326046796077
141.42431460591177
121.72518836119094
136.0693391568891
145.23498644338125
172.6030415590168
171.6692847124825
166.30194097799307
211.69649614576034
208.28777582409376
199.24876043170627
208.55800210526107
184.40707569606798
182.31954552191579
167.29894810659187
176.85877286484094
175.89909337860783
140.2623729238946
124.69476179227874
110.92209640510814
93.79368863955119
84.72819074333802
90.56661991584852
78.09319775596073
