82.97861150070126
65.76075145788737
61.063132022471905
51.051685393258424
56.56959269662921
57.72801966292135
44.25435393258427
36.88609550561798
51.85912921348314
36.853370786516855
43.322823033707856
33.21500173711181
29.772120786516858
29.338623595505624
43.96952247191011
30.35426978685798
29.753164556962027
45.88101265822785
38.97060369324508
37.25840867992767
34.01871921182266
39.42322308233638
50.92828993666432
48.93560872624912
40.11907107670655
50.10492610837439
75.73166783954962
117.02513162720163
142.6335679099226
180.96170664380367
192.86432490936136
217.83734177215192
208.0866661024951
253.57153893806182
228.42983903295058
216.54438575080843
207.04240506329114
230.1020635316545
211.20530469717352
219.3451384744208
202.6437539610677
226.44222279489745
191.5892329345531
207.7214911141727
200.9953275316926
186.29969001199314
200.40375365493455
197.72528572319368
182.76687526167166
217.70951727701123
186.87025316455694
190.4829113924051
171.54683544303793
188.19246118351316
168.61234688703664
199.33260716795502
204.5442726633872
176.55583489161992
177.76068072082245
171.17616741809914
149.26036542515814
153.28468025298667
145.1663075869313
155.08759885070765
151.91735769501054
117.7416249321722
121.32531645569621
137.95981230527144
110.64396988152022
118.76874849889253
122.36902781607763
120.70970627218304
121.27326046796075
146.42431460591177
139.22518836119093
156.5693391568891
167.23498644338125
197.6030415590168
181.6692847124825
186.30194097799307
201.19649614576034
195.28777582409376
191.24876043170627
222.05800210526107
221.40707569606798
199.31954552191579
198.79894810659187
179.35877286484094
180.39909337860783
157.2623729238946
121.69476179227874
126.92209640510814
96.29368863955119
96.22819074333802
80.56661991584852
67.59319775596073
