77.97861150070126
56.760751457887366
57.063132022471905
50.051685393258424
48.56959269662921
44.22801966292135
42.75435393258427
54.88609550561798
41.35912921348314
52.853370786516855
45.322823033707856
44.71500173711181
45.77212078651686
34.338623595505624
43.46952247191011
41.354269786857984
43.25316455696203
45.88101265822785
31.97060369324508
37.25840867992767
42.51871921182266
49.42322308233638
49.92828993666432
36.43560872624912
39.11907107670655
52.60492610837439
73.23166783954962
123.52513162720163
141.1335679099226
152.96170664380367
193.36432490936136
214.33734177215192
248.5866661024951
255.57153893806182
241.42983903295058
245.04438575080843
243.54240506329114
207.6020635316545
229.70530469717352
245.3451384744208
212.1437539610677
216.94222279489745
193.0892329345531
234.7214911141727
228.9953275316926
223.29969001199314
189.90375365493455
193.22528572319368
203.26687526167166
191.20951727701123
190.87025316455694
164.9829113924051
194.54683544303793
190.69246118351316
165.61234688703664
205.33260716795502
188.0442726633872
197.55583489161992
148.26068072082245
165.17616741809914
162.26036542515814
159.28468025298667
140.66630758693117
151.08759885070765
141.91735769501054
112.2416249321722
121.32531645569621
117.45981230527143
114.64396988152022
131.76874849889253
110.36902781607763
114.20970627218304
141.77326046796077
117.42431460591176
151.72518836119093
158.0693391568891
154.23498644338125
187.6030415590168
168.1692847124825
186.30194097799307
184.69649614576034
181.78777582409376
196.24876043170627
238.05800210526107
205.40707569606798
165.31954552191579
199.29894810659187
185.85877286484094
162.89909337860783
131.2623729238946
122.69476179227874
133.42209640510814
117.29368863955119
88.72819074333802
97.06661991584852
88.09319775596073
