73.47861150070126
54.760751457887366
64.0631320224719
57.051685393258424
64.0695926966292
60.72801966292135
49.75435393258427
39.38609550561798
46.85912921348314
48.853370786516855
44.322823033707856
44.21500173711181
36.77212078651686
30.838623595505624
43.96952247191011
40.354269786857984
44.25316455696203
42.88101265822785
33.47060369324508
44.75840867992767
46.01871921182266
46.42322308233638
49.42828993666432
41.43560872624912
48.61907107670655
55.60492610837439
61.731667839549615
133.52513162720163
164.1335679099226
152.46170664380367
167.36432490936136
227.33734177215192
231.5866661024951
207.57153893806182
218.42983903295058
240.54438575080843
211.04240506329114
258.6020635316545
260.7053046971735
223.8451384744208
209.6437539610677
199.94222279489745
237.0892329345531
191.7214911141727
228.9953275316926
221.29969001199314
193.40375365493455
228.22528572319368
200.76687526167166
212.70951727701123
182.87025316455694
175.9829113924051
168.54683544303793
173.69246118351316
171.61234688703664
183.33260716795502
189.5442726633872
197.05583489161992
172.76068072082245
150.67616741809914
177.76036542515814
168.28468025298667
157.66630758693168
128.58759885070765
144.91735769501054
144.24162493217221
119.82531645569621
133.45981230527144
139.1439698815202
134.76874849889253
107.36902781607763
132.20970627218304
140.27326046796077
116.92431460591176
123.22518836119094
133.5693391568891
146.73498644338125
174.1030415590168
187.1692847124825
199.30194097799307
204.19649614576034
198.28777582409376
201.74876043170627
240.55800210526107
182.40707569606798
203.31954552191579
186.79894810659187
155.85877286484094
147.39909337860783
163.7623729238946
129.69476179227874
105.92209640510814
117.29368863955119
92.72819074333802
76.06661991584852
83.59319775596073
