65.97861150070126
58.760751457887366
59.063132022471905
57.051685393258424
58.56959269662921
60.72801966292135
47.75435393258427
40.88609550561798
47.35912921348314
45.353370786516855
35.322823033707856
36.21500173711181
44.77212078651686
42.338623595505624
34.96952247191011
32.354269786857984
44.25316455696203
32.88101265822785
39.47060369324508
36.25840867992767
37.51871921182266
36.92322308233638
41.92828993666432
42.43560872624912
45.61907107670655
50.60492610837439
71.23166783954962
138.02513162720163
163.6335679099226
169.96170664380367
172.86432490936136
185.33734177215192
249.0866661024951
263.07153893806185
224.92983903295058
254.54438575080843
240.54240506329114
233.6020635316545
260.7053046971735
232.3451384744208
234.6437539610677
234.94222279489745
190.5892329345531
227.7214911141727
198.9953275316926
225.29969001199314
194.40375365493455
209.22528572319368
190.76687526167166
210.20951727701123
197.37025316455694
177.9829113924051
192.04683544303793
205.69246118351316
177.11234688703664
174.83260716795502
174.5442726633872
185.05583489161992
188.26068072082245
159.17616741809914
180.26036542515814
147.28468025298667
146.66630758693134
137.58759885070765
125.91735769501052
145.74162493217221
142.32531645569622
115.95981230527143
124.64396988152022
139.76874849889253
139.86902781607762
131.20970627218304
126.77326046796075
132.42431460591177
131.72518836119093
147.5693391568891
153.23498644338125
198.1030415590168
186.1692847124825
164.30194097799307
204.69649614576034
204.28777582409376
202.74876043170627
198.05800210526107
221.40707569606798
203.81954552191579
170.29894810659187
193.85877286484094
146.89909337860783
139.7623729238946
130.19476179227874
120.42209640510814
98.79368863955119
105.72819074333802
90.06661991584852
72.59319775596073
