61.97861150070126
68.76075145788737
50.563132022471905
49.551685393258424
63.06959269662921
44.22801966292135
52.75435393258427
40.38609550561798
36.85912921348314
47.853370786516855
33.322823033707856
46.21500173711181
33.27212078651686
42.838623595505624
31.96952247191011
32.354269786857984
29.753164556962027
45.38101265822785
38.97060369324508
44.75840867992767
46.51871921182266
47.92322308233638
51.42828993666432
36.43560872624912
39.11907107670655
42.60492610837439
84.73166783954962
135.02513162720163
167.6335679099226
147.46170664380367
200.36432490936136
224.33734177215192
250.5866661024951
263.57153893806185
224.42983903295058
256.54438575080843
252.54240506329114
236.1020635316545
260.2053046971735
199.8451384744208
238.1437539610677
229.94222279489745
198.0892329345531
218.2214911141727
197.4953275316926
220.79969001199314
199.90375365493455
223.22528572319368
193.76687526167166
219.70951727701123
197.87025316455694
176.9829113924051
176.54683544303793
203.19246118351316
186.11234688703664
208.33260716795502
183.0442726633872
161.05583489161992
177.26068072082245
159.67616741809914
155.26036542515814
167.78468025298667
128.16630758693083
120.58759885070765
121.41735769501052
134.24162493217221
139.32531645569622
119.95981230527143
135.1439698815202
131.26874849889253
116.36902781607763
112.20970627218304
119.77326046796075
119.42431460591176
153.72518836119093
151.5693391568891
167.23498644338125
178.1030415590168
205.1692847124825
178.30194097799307
174.69649614576034
173.78777582409376
216.24876043170627
198.05800210526107
219.90707569606798
166.81954552191579
176.29894810659187
196.85877286484094
146.89909337860783
150.2623729238946
117.19476179227874
120.92209640510814
116.79368863955119
90.72819074333802
87.56661991584852
68.09319775596073
