79.47861150070126
69.26075145788737
71.0631320224719
64.55168539325842
60.56959269662921
51.72801966292135
50.25435393258427
53.38609550561798
51.35912921348314
41.353370786516855
48.322823033707856
36.71500173711181
32.77212078651686
32.838623595505624
37.46952247191011
42.854269786857984
39.75316455696203
42.88101265822785
35.47060369324508
47.25840867992767
39.51871921182266
39.92322308233638
34.92828993666432
46.43560872624912
50.11907107670655
47.60492610837439
65.73166783954962
112.02513162720163
140.6335679099226
157.46170664380367
172.36432490936136
224.83734177215192
209.5866661024951
208.57153893806182
226.42983903295058
207.04438575080843
233.04240506329114
253.1020635316545
216.70530469717352
224.8451384744208
251.1437539610677
244.94222279489745
199.0892329345531
209.2214911141727
208.9953275316926
235.79969001199314
194.90375365493455
215.22528572319368
223.26687526167166
181.20951727701123
189.87025316455694
202.9829113924051
196.04683544303793
175.19246118351316
168.61234688703664
195.33260716795502
183.5442726633872
170.05583489161992
182.76068072082245
158.67616741809914
180.26036542515814
134.28468025298667
163.16630758693182
122.58759885070765
143.91735769501054
114.7416249321722
142.32531645569622
137.95981230527144
127.64396988152022
121.76874849889253
134.36902781607762
110.70970627218304
143.77326046796077
145.42431460591177
156.22518836119093
159.0693391568891
160.23498644338125
184.6030415590168
178.1692847124825
193.80194097799307
210.19649614576034
194.28777582409376
196.24876043170627
200.55800210526107
181.90707569606798
191.81954552191579
165.29894810659187
173.85877286484094
165.39909337860783
156.2623729238946
138.19476179227874
112.42209640510814
98.29368863955119
100.72819074333802
90.06661991584852
78.09319775596073
