65.97861150070126
56.260751457887366
60.063132022471905
54.051685393258424
48.56959269662921
47.72801966292135
39.75435393258427
50.38609550561798
36.35912921348314
51.853370786516855
43.322823033707856
40.71500173711181
33.77212078651686
30.838623595505624
27.96952247191011
40.354269786857984
39.25316455696203
41.38101265822785
45.97060369324508
44.25840867992767
38.01871921182266
51.42322308233638
34.92828993666432
51.93560872624912
49.61907107670655
60.60492610837439
76.23166783954962
115.52513162720163
143.1335679099226
186.96170664380367
207.36432490936136
218.33734177215192
205.0866661024951
209.07153893806182
214.42983903295058
243.54438575080843
225.04240506329114
244.6020635316545
251.70530469717352
213.8451384744208
227.1437539610677
210.44222279489745
229.5892329345531
216.7214911141727
184.9953275316926
198.29969001199314
209.90375365493455
186.72528572319368
214.26687526167166
206.20951727701123
190.37025316455694
203.9829113924051
196.04683544303793
202.69246118351316
171.11234688703664
194.33260716795502
190.5442726633872
185.05583489161992
148.26068072082245
174.17616741809914
155.76036542515814
147.28468025298667
159.1663075869317
143.08759885070765
148.91735769501054
135.74162493217221
140.82531645569622
119.45981230527143
123.14396988152022
133.76874849889253
115.86902781607763
132.20970627218304
133.77326046796077
112.42431460591176
129.72518836119093
138.5693391568891
158.73498644338125
159.1030415590168
190.6692847124825
165.80194097799307
207.19649614576034
209.78777582409376
181.24876043170627
204.05800210526107
206.90707569606798
187.31954552191579
200.79894810659187
156.85877286484094
150.89909337860783
135.2623729238946
144.69476179227874
109.92209640510814
92.79368863955119
83.22819074333802
90.06661991584852
74.09319775596073
