74.47861150070126
66.26075145788737
67.5631320224719
49.051685393258424
61.56959269662921
50.22801966292135
47.25435393258427
51.38609550561798
48.85912921348314
50.853370786516855
33.322823033707856
49.21500173711181
34.27212078651686
29.338623595505624
34.46952247191011
32.354269786857984
30.253164556962027
33.38101265822785
42.47060369324508
44.75840867992767
35.01871921182266
39.42322308233638
48.92828993666432
49.93560872624912
53.11907107670655
43.10492610837439
78.73166783954962
112.52513162720163
169.6335679099226
151.96170664380367
176.36432490936136
212.33734177215192
220.0866661024951
242.07153893806182
221.42983903295058
232.54438575080843
230.04240506329114
205.1020635316545
245.70530469717352
213.3451384744208
250.6437539610677
193.94222279489745
206.5892329345531
235.7214911141727
232.9953275316926
213.29969001199314
212.40375365493455
211.72528572319368
209.26687526167166
175.70951727701123
173.37025316455694
191.9829113924051
166.54683544303793
197.19246118351316
187.61234688703664
175.83260716795502
164.5442726633872
176.55583489161992
170.26068072082245
172.67616741809914
149.26036542515814
172.78468025298667
136.66630758693105
132.58759885070765
134.91735769501054
130.74162493217221
118.82531645569621
118.45981230527143
127.64396988152022
117.76874849889253
113.36902781607763
126.20970627218304
129.77326046796077
117.92431460591176
133.22518836119093
137.0693391568891
183.23498644338125
199.6030415590168
178.6692847124825
179.80194097799307
176.69649614576034
201.28777582409376
229.24876043170627
222.05800210526107
188.40707569606798
170.81954552191579
180.79894810659187
161.85877286484094
157.39909337860783
138.7623729238946
118.69476179227874
104.42209640510814
95.29368863955119
105.72819074333802
92.06661991584852
88.09319775596073
