68.97861150070126
68.26075145788737
70.5631320224719
55.051685393258424
48.06959269662921
50.22801966292135
52.75435393258427
36.88609550561798
42.85912921348314
44.853370786516855
48.822823033707856
41.21500173711181
29.272120786516858
39.338623595505624
28.96952247191011
40.854269786857984
44.25316455696203
32.38101265822785
36.47060369324508
41.25840867992767
47.51871921182266
48.92322308233638
36.92828993666432
36.93560872624912
54.11907107670655
60.60492610837439
83.23166783954962
125.02513162720163
138.6335679099226
166.96170664380367
207.36432490936136
196.33734177215192
246.5866661024951
216.07153893806182
232.42983903295058
250.54438575080843
233.04240506329114
250.1020635316545
232.70530469717352
204.8451384744208
216.1437539610677
206.44222279489745
230.0892329345531
214.7214911141727
231.9953275316926
187.29969001199314
187.40375365493455
230.22528572319368
181.76687526167166
193.20951727701123
190.37025316455694
175.9829113924051
171.04683544303793
190.69246118351316
190.11234688703664
187.33260716795502
162.5442726633872
189.05583489161992
176.76068072082245
170.67616741809914
152.26036542515814
159.78468025298667
136.16630758693105
125.08759885070765
144.41735769501054
139.74162493217221
138.82531645569622
117.95981230527143
114.14396988152022
120.76874849889253
110.36902781607763
113.70970627218304
129.77326046796077
146.42431460591177
133.22518836119093
169.0693391568891
169.23498644338125
160.6030415590168
198.6692847124825
199.80194097799307
197.69649614576034
197.28777582409376
212.74876043170627
220.55800210526107
199.40707569606798
181.31954552191579
194.79894810659187
184.85877286484094
186.89909337860783
148.2623729238946
119.69476179227874
120.42209640510814
92.29368863955119
107.22819074333802
97.56661991584852
89.09319775596073
