83.47861150070126
53.260751457887366
61.563132022471905
55.551685393258424
52.06959269662921
60.22801966292135
49.25435393258427
36.88609550561798
40.85912921348314
45.353370786516855
37.322823033707856
42.21500173711181
30.272120786516858
40.338623595505624
35.96952247191011
39.354269786857984
34.75316455696203
43.88101265822785
42.97060369324508
37.25840867992767
45.51871921182266
42.42322308233638
39.42828993666432
48.93560872624912
51.11907107670655
49.60492610837439
83.23166783954962
112.02513162720163
153.6335679099226
160.96170664380367
174.86432490936136
206.33734177215192
232.5866661024951
253.57153893806182
210.92983903295058
208.54438575080843
241.04240506329114
228.6020635316545
217.20530469717352
244.8451384744208
218.1437539610677
193.94222279489745
196.5892329345531
225.7214911141727
184.9953275316926
187.29969001199314
198.90375365493455
205.22528572319368
219.26687526167166
200.20951727701123
177.87025316455694
181.4829113924051
191.04683544303793
170.69246118351316
170.11234688703664
190.33260716795502
203.0442726633872
169.05583489161992
179.26068072082245
182.17616741809914
172.76036542515814
140.28468025298667
142.16630758693123
130.58759885070765
152.41735769501054
128.74162493217221
110.32531645569621
128.95981230527144
117.14396988152022
142.26874849889253
118.86902781607763
128.20970627218304
128.27326046796077
136.42431460591177
143.22518836119093
157.0693391568891
159.73498644338125
191.6030415590168
171.6692847124825
165.80194097799307
197.69649614576034
190.78777582409376
217.24876043170627
206.55800210526107
195.90707569606798
171.81954552191579
173.29894810659187
162.35877286484094
152.89909337860783
161.7623729238946
144.69476179227874
119.92209640510814
103.79368863955119
105.72819074333802
88.06661991584852
68.59319775596073
