78.97861150070126
53.760751457887366
54.563132022471905
59.551685393258424
56.06959269662921
54.22801966292135
56.25435393258427
41.38609550561798
39.85912921348314
38.353370786516855
46.322823033707856
34.71500173711181
41.77212078651686
41.338623595505624
38.46952247191011
32.354269786857984
31.753164556962027
39.38101265822785
34.97060369324508
45.25840867992767
33.01871921182266
41.92322308233638
35.92828993666432
38.43560872624912
48.11907107670655
56.10492610837439
64.23166783954962
139.02513162720163
166.6335679099226
161.96170664380367
183.36432490936136
188.83734177215192
217.5866661024951
213.57153893806182
205.42983903295058
255.04438575080843
206.54240506329114
228.1020635316545
238.70530469717352
233.8451384744208
228.6437539610677
216.94222279489745
204.5892329345531
217.7214911141727
215.9953275316926
207.29969001199314
191.40375365493455
217.72528572319368
203.26687526167166
208.70951727701123
179.37025316455694
165.4829113924051
197.54683544303793
203.69246118351316
168.11234688703664
164.33260716795502
204.5442726633872
163.55583489161992
162.26068072082245
186.67616741809914
161.76036542515814
164.78468025298667
144.16630758693128
150.58759885070765
122.91735769501052
144.74162493217221
124.82531645569621
121.45981230527143
113.14396988152022
128.76874849889253
106.86902781607763
124.70970627218304
149.27326046796077
120.42431460591176
142.72518836119093
151.5693391568891
148.73498644338125
160.1030415590168
186.6692847124825
195.30194097799307
193.19649614576034
183.78777582409376
195.24876043170627
208.05800210526107
185.40707569606798
166.31954552191579
197.29894810659187
161.85877286484094
165.39909337860783
144.2623729238946
132.19476179227874
115.92209640510814
97.29368863955119
94.72819074333802
85.56661991584852
73.59319775596073
