78.47861150070126
65.76075145788737
52.563132022471905
58.551685393258424
64.0695926966292
44.72801966292135
47.25435393258427
42.38609550561798
37.35912921348314
49.353370786516855
43.822823033707856
45.71500173711181
45.27212078651686
34.838623595505624
29.96952247191011
29.85426978685798
35.25316455696203
36.88101265822785
36.97060369324508
37.25840867992767
32.51871921182266
42.42322308233638
44.42828993666432
43.93560872624912
39.61907107670655
54.60492610837439
79.73166783954962
127.52513162720163
168.1335679099226
165.96170664380367
191.86432490936136
203.33734177215192
212.0866661024951
210.07153893806182
220.92983903295058
214.04438575080843
227.54240506329114
244.1020635316545
261.7053046971735
244.8451384744208
246.6437539610677
192.94222279489745
214.5892329345531
225.2214911141727
194.4953275316926
211.79969001199314
193.90375365493455
190.72528572319368
191.26687526167166
204.20951727701123
186.87025316455694
187.4829113924051
174.04683544303793
178.19246118351316
182.61234688703664
176.33260716795502
184.0442726633872
170.55583489161992
159.76068072082245
166.67616741809914
164.26036542515814
146.28468025298667
164.16630758693185
132.58759885070765
121.91735769501052
116.7416249321722
127.82531645569621
140.45981230527144
135.6439698815202
137.26874849889253
126.36902781607763
142.70970627218304
144.27326046796077
116.42431460591176
142.22518836119093
163.5693391568891
163.23498644338125
181.1030415590168
199.1692847124825
188.80194097799307
177.19649614576034
203.28777582409376
192.74876043170627
200.05800210526107
182.40707569606798
203.31954552191579
188.79894810659187
171.85877286484094
183.89909337860783
134.7623729238946
143.69476179227874
120.42209640510814
94.79368863955119
85.22819074333802
86.06661991584852
83.59319775596073
