70.47861150070126
70.76075145788737
61.063132022471905
58.051685393258424
64.0695926966292
46.22801966292135
42.25435393258427
40.88609550561798
47.35912921348314
47.853370786516855
48.822823033707856
48.71500173711181
45.77212078651686
31.838623595505624
32.46952247191011
42.354269786857984
32.75316455696203
32.88101265822785
31.97060369324508
44.75840867992767
44.51871921182266
45.92322308233638
41.92828993666432
38.43560872624912
45.11907107670655
49.10492610837439
66.23166783954962
128.02513162720163
161.1335679099226
171.46170664380367
187.36432490936136
221.33734177215192
243.0866661024951
234.07153893806182
246.42983903295058
220.04438575080843
212.04240506329114
240.6020635316545
262.7053046971735
250.3451384744208
200.1437539610677
243.94222279489745
199.0892329345531
187.2214911141727
204.9953275316926
186.29969001199314
226.90375365493455
201.72528572319368
206.26687526167166
187.20951727701123
174.87025316455694
199.4829113924051
170.54683544303793
163.69246118351316
201.61234688703664
163.83260716795502
194.0442726633872
162.05583489161992
175.26068072082245
159.67616741809914
149.76036542515814
144.28468025298667
145.66630758693134
146.58759885070765
119.41735769501052
142.74162493217221
120.32531645569621
116.45981230527143
137.1439698815202
122.26874849889253
140.36902781607762
126.70970627218304
121.27326046796075
124.92431460591176
130.22518836119093
159.0693391568891
159.23498644338125
170.6030415590168
184.1692847124825
184.30194097799307
208.69649614576034
186.78777582409376
206.24876043170627
234.55800210526107
223.90707569606798
179.31954552191579
196.29894810659187
174.85877286484094
162.39909337860783
165.2623729238946
118.69476179227874
123.42209640510814
104.79368863955119
94.22819074333802
93.06661991584852
90.59319775596073
