62.97861150070126
65.26075145788737
60.563132022471905
63.551685393258424
58.06959269662921
52.72801966292135
43.75435393258427
51.88609550561798
43.35912921348314
40.853370786516855
34.822823033707856
35.71500173711181
37.77212078651686
38.338623595505624
41.46952247191011
42.354269786857984
40.25316455696203
32.88101265822785
36.47060369324508
42.75840867992767
39.01871921182266
39.92322308233638
39.42828993666432
47.43560872624912
51.11907107670655
52.60492610837439
79.73166783954962
125.02513162720163
161.1335679099226
176.96170664380367
169.36432490936136
202.33734177215192
227.5866661024951
235.57153893806182
239.92983903295058
210.04438575080843
213.54240506329114
208.1020635316545
253.70530469717352
235.3451384744208
235.6437539610677
232.44222279489745
221.5892329345531
234.7214911141727
192.9953275316926
234.29969001199314
209.40375365493455
205.72528572319368
199.76687526167166
183.70951727701123
194.37025316455694
201.4829113924051
195.54683544303793
176.69246118351316
174.61234688703664
201.33260716795502
183.0442726633872
169.55583489161992
155.76068072082245
159.67616741809914
142.76036542515814
144.28468025298667
135.16630758693103
151.08759885070765
121.91735769501052
143.74162493217221
128.32531645569622
123.95981230527143
112.14396988152022
114.76874849889253
129.36902781607762
115.20970627218304
121.27326046796075
119.42431460591176
150.22518836119093
156.5693391568891
150.23498644338125
178.6030415590168
196.1692847124825
190.80194097799307
182.69649614576034
204.78777582409376
219.24876043170627
206.55800210526107
198.90707569606798
204.31954552191579
177.29894810659187
169.85877286484094
162.39909337860783
152.2623729238946
122.69476179227874
108.92209640510814
109.79368863955119
91.72819074333802
95.56661991584852
86.59319775596073
