62.47861150070126
68.76075145788737
66.0631320224719
52.051685393258424
46.56959269662921
50.72801966292135
56.75435393258427
49.38609550561798
52.35912921348314
40.353370786516855
47.322823033707856
33.71500173711181
32.27212078651686
35.838623595505624
36.96952247191011
30.35426978685798
39.25316455696203
40.88101265822785
38.47060369324508
45.75840867992767
36.01871921182266
35.92322308233638
47.42828993666432
49.43560872624912
54.11907107670655
49.60492610837439
83.73166783954962
143.52513162720163
150.1335679099226
176.46170664380367
180.86432490936136
190.83734177215192
215.0866661024951
227.57153893806182
245.92983903295058
249.04438575080843
252.54240506329114
233.6020635316545
238.70530469717352
224.3451384744208
217.6437539610677
205.94222279489745
192.5892329345531
232.7214911141727
201.4953275316926
224.79969001199314
200.40375365493455
220.72528572319368
221.76687526167166
217.70951727701123
200.87025316455694
191.4829113924051
197.54683544303793
163.69246118351316
203.11234688703664
185.33260716795502
186.5442726633872
161.55583489161992
171.76068072082245
186.17616741809914
177.26036542515814
148.28468025298667
149.66630758693145
143.58759885070765
119.91735769501052
124.2416249321722
129.32531645569622
141.45981230527144
119.14396988152022
131.76874849889253
108.36902781607763
133.20970627218304
134.27326046796077
119.42431460591176
139.22518836119093
147.5693391568891
169.23498644338125
176.6030415590168
174.1692847124825
194.30194097799307
209.69649614576034
196.78777582409376
217.74876043170627
209.05800210526107
216.40707569606798
179.81954552191579
173.29894810659187
160.35877286484094
157.89909337860783
146.2623729238946
143.19476179227874
124.42209640510814
117.29368863955119
98.22819074333802
84.56661991584852
71.09319775596073
