77.97861150070126
73.26075145788737
64.0631320224719
54.551685393258424
47.06959269662921
52.22801966292135
56.25435393258427
42.38609550561798
46.85912921348314
47.853370786516855
49.322823033707856
38.71500173711181
33.27212078651686
29.838623595505624
28.96952247191011
28.35426978685798
36.75316455696203
38.88101265822785
39.97060369324508
42.25840867992767
39.51871921182266
51.42322308233638
42.42828993666432
41.43560872624912
42.11907107670655
42.60492610837439
66.73166783954962
110.02513162720163
147.6335679099226
149.46170664380367
203.36432490936136
180.83734177215192
247.5866661024951
222.07153893806182
211.42983903295058
244.04438575080843
212.04240506329114
249.1020635316545
253.70530469717352
206.3451384744208
248.6437539610677
244.44222279489745
202.0892329345531
196.7214911141727
209.4953275316926
228.29969001199314
225.90375365493455
210.72528572319368
203.76687526167166
204.20951727701123
195.37025316455694
180.9829113924051
191.54683544303793
180.69246118351316
177.61234688703664
175.33260716795502
183.0442726633872
173.05583489161992
173.76068072082245
186.17616741809914
156.26036542515814
172.78468025298667
160.66630758693174
125.58759885070765
127.41735769501052
144.24162493217221
134.32531645569622
128.95981230527144
112.14396988152022
125.76874849889253
125.36902781607763
132.20970627218304
128.27326046796077
146.42431460591177
123.22518836119094
171.0693391568891
182.23498644338125
164.6030415590168
162.6692847124825
173.30194097799307
199.19649614576034
198.28777582409376
189.74876043170627
222.55800210526107
209.90707569606798
205.81954552191579
196.29894810659187
174.85877286484094
149.39909337860783
155.7623729238946
143.69476179227874
109.92209640510814
99.29368863955119
86.22819074333802
87.56661991584852
69.09319775596073
