66.97861150070126
73.26075145788737
57.563132022471905
48.551685393258424
61.56959269662921
46.22801966292135
47.75435393258427
49.38609550561798
40.35912921348314
48.853370786516855
46.322823033707856
40.21500173711181
31.772120786516858
28.838623595505624
30.96952247191011
28.85426978685798
44.25316455696203
30.881012658227853
42.97060369324508
43.25840867992767
36.51871921182266
44.42322308233638
39.92828993666432
45.43560872624912
48.61907107670655
43.10492610837439
62.731667839549615
121.52513162720163
172.1335679099226
181.46170664380367
164.86432490936136
214.83734177215192
219.0866661024951
238.07153893806182
241.92983903295058
226.54438575080843
224.54240506329114
206.6020635316545
255.20530469717352
212.3451384744208
233.1437539610677
198.94222279489745
204.0892329345531
223.7214911141727
229.9953275316926
221.29969001199314
235.90375365493455
205.72528572319368
206.26687526167166
221.20951727701123
199.37025316455694
192.4829113924051
190.04683544303793
201.19246118351316
189.61234688703664
198.33260716795502
179.0442726633872
189.55583489161992
163.26068072082245
185.67616741809914
164.76036542515814
159.78468025298667
158.66630758693168
148.58759885070765
133.91735769501054
113.7416249321722
132.82531645569622
124.45981230527143
109.64396988152022
129.26874849889253
135.36902781607762
122.70970627218304
116.77326046796075
139.42431460591177
127.22518836119094
137.0693391568891
172.73498644338125
181.6030415590168
179.6692847124825
191.30194097799307
180.19649614576034
177.78777582409376
219.24876043170627
232.05800210526107
186.90707569606798
165.31954552191579
192.29894810659187
156.35877286484094
181.89909337860783
156.2623729238946
131.69476179227874
131.42209640510814
102.79368863955119
99.72819074333802
75.06661991584852
80.59319775596073
