68.47861150070126
65.76075145788737
64.0631320224719
51.051685393258424
55.56959269662921
44.72801966292135
50.25435393258427
46.38609550561798
35.85912921348314
43.853370786516855
45.822823033707856
45.21500173711181
36.77212078651686
36.338623595505624
34.46952247191011
41.354269786857984
34.75316455696203
38.38101265822785
36.47060369324508
38.25840867992767
39.01871921182266
34.42322308233638
51.42828993666432
46.93560872624912
43.61907107670655
42.10492610837439
63.231667839549615
127.52513162720163
163.1335679099226
181.46170664380367
205.86432490936136
202.83734177215192
208.0866661024951
250.07153893806182
219.92983903295058
206.04438575080843
203.54240506329114
220.6020635316545
233.70530469717352
208.8451384744208
220.6437539610677
198.94222279489745
225.0892329345531
206.7214911141727
202.4953275316926
194.79969001199314
224.90375365493455
199.72528572319368
189.76687526167166
179.20951727701123
186.87025316455694
203.4829113924051
177.54683544303793
200.19246118351316
182.11234688703664
208.83260716795502
200.5442726633872
175.05583489161992
178.26068072082245
176.17616741809914
183.26036542515814
146.28468025298667
161.16630758693177
131.58759885070765
118.91735769501052
130.24162493217221
126.32531645569621
134.45981230527144
121.14396988152022
138.76874849889253
113.86902781607763
111.20970627218304
125.77326046796075
121.92431460591176
148.72518836119093
171.0693391568891
143.73498644338125
186.1030415590168
166.1692847124825
187.80194097799307
191.69649614576034
186.78777582409376
198.24876043170627
211.55800210526107
214.40707569606798
171.31954552191579
185.79894810659187
177.85877286484094
174.89909337860783
135.2623729238946
137.19476179227874
110.92209640510814
115.79368863955119
92.22819074333802
74.56661991584852
74.09319775596073
