63.97861150070126
69.76075145788737
58.563132022471905
56.551685393258424
52.06959269662921
56.72801966292135
49.25435393258427
48.88609550561798
52.35912921348314
52.353370786516855
38.322823033707856
35.21500173711181
33.77212078651686
38.838623595505624
40.96952247191011
37.854269786857984
38.25316455696203
30.381012658227853
39.47060369324508
36.25840867992767
49.01871921182266
33.92322308233638
43.92828993666432
46.93560872624912
51.11907107670655
47.10492610837439
62.231667839549615
133.02513162720163
134.1335679099226
170.96170664380367
166.36432490936136
187.33734177215192
215.0866661024951
256.07153893806185
232.42983903295058
222.54438575080843
215.54240506329114
233.6020635316545
247.20530469717352
224.8451384744208
247.1437539610677
195.44222279489745
220.5892329345531
214.7214911141727
220.4953275316926
225.79969001199314
210.40375365493455
198.72528572319368
204.76687526167166
195.70951727701123
203.37025316455694
166.9829113924051
167.54683544303793
178.69246118351316
186.11234688703664
174.83260716795502
185.0442726633872
170.05583489161992
158.26068072082245
157.17616741809914
152.26036542515814
144.78468025298667
140.16630758693117
129.58759885070765
143.41735769501054
128.24162493217221
128.32531645569622
114.95981230527143
122.14396988152022
134.26874849889253
122.86902781607763
121.20970627218304
141.77326046796077
129.92431460591177
145.72518836119093
148.0693391568891
160.73498644338125
174.6030415590168
165.6692847124825
167.30194097799307
167.69649614576034
196.28777582409376
201.74876043170627
196.05800210526107
227.90707569606798
208.81954552191579
189.79894810659187
178.85877286484094
173.39909337860783
161.2623729238946
128.69476179227874
106.92209640510814
95.29368863955119
100.22819074333802
88.56661991584852
78.09319775596073
