66.47861150070126
60.760751457887366
62.563132022471905
61.551685393258424
51.06959269662921
54.72801966292135
53.75435393258427
38.88609550561798
42.35912921348314
42.853370786516855
39.322823033707856
42.71500173711181
39.27212078651686
32.338623595505624
29.46952247191011
38.354269786857984
45.75316455696203
42.38101265822785
44.47060369324508
35.25840867992767
39.01871921182266
38.42322308233638
46.92828993666432
47.93560872624912
42.61907107670655
60.10492610837439
80.73166783954962
110.02513162720163
140.6335679099226
166.96170664380367
179.86432490936136
228.83734177215192
218.0866661024951
217.57153893806182
229.92983903295058
244.04438575080843
243.54240506329114
214.6020635316545
225.70530469717352
200.8451384744208
228.1437539610677
243.44222279489745
230.0892329345531
235.2214911141727
213.9953275316926
210.29969001199314
208.40375365493455
233.22528572319368
182.26687526167166
214.20951727701123
187.87025316455694
173.4829113924051
178.04683544303793
190.19246118351316
184.61234688703664
186.83260716795502
205.0442726633872
181.55583489161992
189.26068072082245
150.17616741809914
182.26036542515814
165.78468025298667
134.666307586931
135.58759885070765
121.91735769501052
135.24162493217221
137.32531645569622
108.45981230527143
119.14396988152022
123.76874849889253
113.86902781607763
113.20970627218304
134.27326046796077
121.92431460591176
155.72518836119093
161.5693391568891
173.73498644338125
194.6030415590168
164.1692847124825
198.80194097799307
185.69649614576034
204.78777582409376
193.24876043170627
241.55800210526107
208.40707569606798
181.81954552191579
192.29894810659187
167.35877286484094
165.89909337860783
152.7623729238946
148.19476179227874
115.42209640510814
92.29368863955119
88.72819074333802
89.56661991584852
85.59319775596073
