83.47861150070126
60.260751457887366
70.5631320224719
51.051685393258424
51.06959269662921
47.72801966292135
52.75435393258427
41.88609550561798
48.35912921348314
45.853370786516855
39.822823033707856
35.21500173711181
39.77212078651686
30.338623595505624
39.96952247191011
41.854269786857984
33.25316455696203
38.88101265822785
37.97060369324508
40.25840867992767
49.01871921182266
33.92322308233638
40.92828993666432
37.43560872624912
41.61907107670655
42.60492610837439
79.73166783954962
135.52513162720163
156.1335679099226
164.96170664380367
166.86432490936136
211.83734177215192
201.0866661024951
258.57153893806185
206.42983903295058
225.54438575080843
250.04240506329114
213.6020635316545
216.20530469717352
213.8451384744208
197.6437539610677
230.44222279489745
234.0892329345531
222.2214911141727
189.4953275316926
199.29969001199314
208.90375365493455
199.72528572319368
209.76687526167166
188.20951727701123
181.87025316455694
169.9829113924051
206.54683544303793
182.69246118351316
179.11234688703664
206.83260716795502
167.5442726633872
168.05583489161992
182.76068072082245
174.67616741809914
177.26036542515814
152.28468025298667
134.166307586931
135.08759885070765
123.41735769501052
130.24162493217221
140.32531645569622
139.45981230527144
139.6439698815202
116.76874849889253
133.86902781607762
125.20970627218304
142.27326046796077
142.42431460591177
135.72518836119093
144.0693391568891
180.73498644338125
182.6030415590168
168.6692847124825
194.30194097799307
183.69649614576034
205.28777582409376
214.74876043170627
219.55800210526107
208.90707569606798
184.81954552191579
161.29894810659187
169.85877286484094
170.39909337860783
167.7623729238946
129.19476179227874
117.92209640510814
113.29368863955119
90.72819074333802
84.56661991584852
85.09319775596073
