75.97861150070126
53.760751457887366
64.5631320224719
59.051685393258424
56.06959269662921
45.72801966292135
53.75435393258427
44.88609550561798
46.85912921348314
35.853370786516855
43.322823033707856
36.21500173711181
34.77212078651686
31.838623595505624
41.96952247191011
38.354269786857984
37.75316455696203
41.38101265822785
30.47060369324508
47.75840867992767
38.51871921182266
35.42322308233638
50.92828993666432
35.93560872624912
49.11907107670655
49.60492610837439
80.23166783954962
131.02513162720163
143.1335679099226
169.46170664380367
175.36432490936136
226.83734177215192
199.5866661024951
209.57153893806182
218.92983903295058
231.54438575080843
255.54240506329114
232.6020635316545
209.70530469717352
245.3451384744208
217.6437539610677
199.94222279489745
235.5892329345531
210.2214911141727
216.4953275316926
234.79969001199314
197.90375365493455
229.22528572319368
200.26687526167166
183.20951727701123
168.37025316455694
194.9829113924051
190.54683544303793
182.19246118351316
200.11234688703664
183.33260716795502
166.0442726633872
192.05583489161992
161.26068072082245
151.67616741809914
147.76036542515814
142.78468025298667
133.16630758693097
121.58759885070765
130.91735769501054
112.7416249321722
131.32531645569622
126.95981230527143
123.14396988152022
114.26874849889253
134.36902781607762
136.70970627218304
131.27326046796077
141.92431460591177
151.22518836119093
142.5693391568891
162.23498644338125
189.1030415590168
185.1692847124825
188.30194097799307
195.69649614576034
203.28777582409376
190.24876043170627
197.55800210526107
205.90707569606798
186.31954552191579
190.79894810659187
165.85877286484094
147.39909337860783
163.2623729238946
130.69476179227874
122.42209640510814
118.29368863955119
87.22819074333802
93.56661991584852
83.59319775596073
