70.47861150070126
58.260751457887366
60.563132022471905
49.051685393258424
46.56959269662921
44.22801966292135
54.25435393258427
47.88609550561798
35.35912921348314
37.353370786516855
42.322823033707856
43.21500173711181
38.27212078651686
28.338623595505624
39.96952247191011
28.85426978685798
32.25316455696203
39.38101265822785
32.97060369324508
31.75840867992767
45.51871921182266
50.42322308233638
44.92828993666432
37.43560872624912
38.61907107670655
60.10492610837439
62.731667839549615
120.52513162720163
164.1335679099226
150.46170664380367
178.36432490936136
195.83734177215192
225.5866661024951
253.57153893806182
229.42983903295058
237.54438575080843
238.54240506329114
221.1020635316545
231.20530469717352
232.3451384744208
205.1437539610677
230.44222279489745
238.5892329345531
203.2214911141727
230.9953275316926
205.79969001199314
210.90375365493455
217.22528572319368
225.26687526167166
219.70951727701123
208.37025316455694
182.4829113924051
197.54683544303793
193.19246118351316
177.11234688703664
181.83260716795502
169.5442726633872
168.55583489161992
155.26068072082245
178.67616741809914
179.26036542515814
140.78468025298667
160.16630758693174
131.08759885070765
125.91735769501052
116.2416249321722
117.82531645569621
132.95981230527144
108.64396988152022
135.76874849889253
112.86902781607763
132.20970627218304
132.77326046796077
122.42431460591176
157.22518836119093
149.0693391568891
184.73498644338125
162.1030415590168
182.1692847124825
160.80194097799307
201.69649614576034
181.28777582409376
183.74876043170627
214.55800210526107
199.90707569606798
170.81954552191579
160.79894810659187
164.35877286484094
178.89909337860783
142.7623729238946
142.19476179227874
129.92209640510814
93.79368863955119
107.72819074333802
94.06661991584852
67.59319775596073
