69.47861150070126
63.260751457887366
50.563132022471905
66.05168539325842
45.06959269662921
54.22801966292135
55.25435393258427
54.38609550561798
42.35912921348314
37.353370786516855
34.322823033707856
35.21500173711181
36.77212078651686
35.838623595505624
37.96952247191011
28.85426978685798
46.25316455696203
34.88101265822785
44.47060369324508
32.75840867992767
44.01871921182266
37.42322308233638
40.42828993666432
51.43560872624912
46.11907107670655
56.10492610837439
75.23166783954962
110.02513162720163
159.6335679099226
175.46170664380367
176.86432490936136
230.83734177215192
239.0866661024951
221.57153893806182
236.42983903295058
256.54438575080843
215.04240506329114
207.1020635316545
234.20530469717352
206.8451384744208
237.1437539610677
204.94222279489745
210.5892329345531
209.7214911141727
208.4953275316926
189.29969001199314
189.40375365493455
224.72528572319368
188.76687526167166
184.20951727701123
189.37025316455694
202.4829113924051
189.54683544303793
191.69246118351316
175.61234688703664
179.33260716795502
202.0442726633872
195.55583489161992
150.76068072082245
154.17616741809914
178.26036542515814
150.28468025298667
154.16630758693157
155.58759885070765
129.91735769501054
129.24162493217221
136.32531645569622
107.95981230527143
126.64396988152022
118.76874849889253
136.36902781607762
120.70970627218304
126.77326046796075
131.42431460591177
151.72518836119093
147.0693391568891
158.73498644338125
182.1030415590168
170.6692847124825
169.30194097799307
198.19649614576034
186.78777582409376
184.74876043170627
221.55800210526107
226.90707569606798
170.31954552191579
176.29894810659187
169.85877286484094
174.39909337860783
146.7623729238946
133.69476179227874
114.92209640510814
101.29368863955119
103.22819074333802
83.06661991584852
70.59319775596073
