81.97861150070126
60.760751457887366
69.0631320224719
51.551685393258424
62.06959269662921
44.72801966292135
43.25435393258427
43.88609550561798
37.35912921348314
53.353370786516855
32.822823033707856
36.21500173711181
43.27212078651686
32.838623595505624
41.96952247191011
30.85426978685798
35.75316455696203
36.38101265822785
39.97060369324508
33.25840867992767
47.51871921182266
43.42322308233638
39.92828993666432
40.93560872624912
39.11907107670655
46.60492610837439
64.73166783954962
114.52513162720163
147.6335679099226
162.96170664380367
182.36432490936136
209.83734177215192
204.0866661024951
251.07153893806182
210.92983903295058
252.04438575080843
240.04240506329114
205.1020635316545
222.70530469717352
199.8451384744208
200.6437539610677
210.94222279489745
226.5892329345531
215.7214911141727
195.9953275316926
232.29969001199314
230.90375365493455
218.72528572319368
198.26687526167166
208.20951727701123
193.37025316455694
204.9829113924051
202.04683544303793
198.19246118351316
191.11234688703664
181.33260716795502
170.0442726633872
194.05583489161992
180.76068072082245
149.67616741809914
175.26036542515814
165.28468025298667
139.66630758693117
147.08759885070765
144.91735769501054
142.24162493217221
126.82531645569621
111.95981230527143
125.64396988152022
126.26874849889253
113.36902781607763
117.20970627218304
139.77326046796077
126.92431460591176
137.22518836119093
161.0693391568891
178.73498644338125
179.6030415590168
176.1692847124825
160.80194097799307
169.19649614576034
172.78777582409376
180.74876043170627
237.05800210526107
202.90707569606798
207.81954552191579
197.29894810659187
163.35877286484094
154.89909337860783
154.7623729238946
139.69476179227874
121.42209640510814
117.79368863955119
108.72819074333802
82.56661991584852
69.09319775596073
