62.97861150070126
57.260751457887366
69.5631320224719
52.051685393258424
63.06959269662921
47.22801966292135
42.25435393258427
54.38609550561798
52.85912921348314
53.353370786516855
48.822823033707856
33.21500173711181
38.77212078651686
28.338623595505624
32.46952247191011
30.35426978685798
45.75316455696203
29.381012658227853
46.47060369324508
44.75840867992767
42.51871921182266
45.42322308233638
36.92828993666432
42.43560872624912
47.61907107670655
44.60492610837439
64.73166783954962
133.52513162720163
161.1335679099226
178.96170664380367
185.36432490936136
219.83734177215192
200.0866661024951
209.57153893806182
226.92983903295058
224.04438575080843
214.54240506329114
255.1020635316545
216.70530469717352
252.8451384744208
243.6437539610677
217.94222279489745
213.5892329345531
217.7214911141727
205.9953275316926
231.79969001199314
222.90375365493455
214.22528572319368
221.76687526167166
220.20951727701123
213.37025316455694
169.4829113924051
198.54683544303793
207.19246118351316
170.11234688703664
172.33260716795502
177.0442726633872
172.55583489161992
188.26068072082245
177.17616741809914
183.76036542515814
170.78468025298667
151.16630758693148
149.58759885070765
135.91735769501054
129.74162493217221
132.82531645569622
112.45981230527143
140.6439698815202
120.26874849889253
136.36902781607762
134.20970627218304
130.77326046796077
113.92431460591176
142.22518836119093
144.5693391568891
177.73498644338125
199.1030415590168
181.6692847124825
169.30194097799307
193.19649614576034
212.78777582409376
189.24876043170627
235.05800210526107
214.40707569606798
180.81954552191579
178.29894810659187
180.85877286484094
160.39909337860783
151.7623729238946
148.19476179227874
123.42209640510814
101.29368863955119
93.22819074333802
94.56661991584852
90.09319775596073
