82.97861150070126
54.760751457887366
58.563132022471905
58.051685393258424
51.06959269662921
57.22801966292135
42.75435393258427
50.88609550561798
40.85912921348314
40.353370786516855
38.822823033707856
48.21500173711181
43.27212078651686
43.838623595505624
30.96952247191011
44.354269786857984
31.753164556962027
45.88101265822785
38.97060369324508
46.25840867992767
36.01871921182266
45.42322308233638
44.42828993666432
37.93560872624912
43.11907107670655
52.10492610837439
79.23166783954962
130.02513162720163
138.1335679099226
182.46170664380367
196.86432490936136
218.33734177215192
250.0866661024951
236.57153893806182
238.92983903295058
215.04438575080843
258.54240506329114
243.6020635316545
212.70530469717352
203.8451384744208
233.6437539610677
224.94222279489745
209.5892329345531
224.2214911141727
222.9953275316926
211.29969001199314
218.40375365493455
221.72528572319368
211.76687526167166
198.70951727701123
172.87025316455694
191.9829113924051
184.54683544303793
206.19246118351316
185.61234688703664
181.33260716795502
179.5442726633872
184.55583489161992
185.76068072082245
156.67616741809914
153.26036542515814
171.78468025298667
154.16630758693157
156.08759885070765
139.91735769501054
124.7416249321722
119.82531645569621
111.45981230527143
132.1439698815202
111.76874849889253
131.86902781607762
118.20970627218304
122.77326046796075
127.42431460591176
150.22518836119093
156.0693391568891
157.23498644338125
195.6030415590168
198.1692847124825
159.80194097799307
202.69649614576034
209.78777582409376
191.24876043170627
235.55800210526107
222.40707569606798
195.81954552191579
185.29894810659187
161.35877286484094
174.39909337860783
142.2623729238946
129.69476179227874
121.92209640510814
119.79368863955119
101.22819074333802
84.56661991584852
78.09319775596073
