60.97861150070126
62.760751457887366
62.063132022471905
53.051685393258424
45.56959269662921
44.22801966292135
48.25435393258427
44.38609550561798
36.85912921348314
50.853370786516855
46.822823033707856
33.71500173711181
35.77212078651686
30.338623595505624
32.46952247191011
43.854269786857984
43.75316455696203
33.38101265822785
38.97060369324508
40.25840867992767
45.01871921182266
34.92322308233638
50.42828993666432
37.93560872624912
47.11907107670655
60.60492610837439
82.23166783954962
129.02513162720163
143.6335679099226
182.46170664380367
166.86432490936136
206.83734177215192
207.0866661024951
207.57153893806182
210.42983903295058
257.04438575080843
233.54240506329114
232.1020635316545
254.20530469717352
251.3451384744208
223.1437539610677
206.44222279489745
237.0892329345531
202.7214911141727
207.4953275316926
201.79969001199314
213.40375365493455
217.72528572319368
221.76687526167166
180.20951727701123
213.87025316455694
207.4829113924051
208.04683544303793
200.69246118351316
204.11234688703664
183.33260716795502
171.5442726633872
186.55583489161992
153.26068072082245
170.17616741809914
142.76036542515814
168.28468025298667
129.16630758693086
156.08759885070765
125.91735769501052
119.2416249321722
133.82531645569622
108.95981230527143
139.6439698815202
124.26874849889253
116.86902781607763
124.70970627218304
117.27326046796075
120.42431460591176
149.22518836119093
137.5693391568891
170.23498644338125
199.1030415590168
205.6692847124825
178.30194097799307
167.69649614576034
173.28777582409376
213.74876043170627
219.55800210526107
216.90707569606798
198.31954552191579
183.29894810659187
158.35877286484094
182.89909337860783
148.2623729238946
122.69476179227874
118.42209640510814
106.29368863955119
106.72819074333802
78.56661991584852
72.09319775596073
