67.97861150070126
60.260751457887366
56.563132022471905
53.051685393258424
54.06959269662921
60.22801966292135
44.75435393258427
38.38609550561798
49.35912921348314
51.853370786516855
38.822823033707856
42.21500173711181
45.27212078651686
33.338623595505624
31.46952247191011
37.854269786857984
41.75316455696203
33.38101265822785
44.97060369324508
47.75840867992767
48.51871921182266
40.42322308233638
45.42828993666432
45.43560872624912
47.61907107670655
54.10492610837439
82.73166783954962
138.02513162720163
160.1335679099226
185.46170664380367
169.86432490936136
221.33734177215192
222.0866661024951
243.07153893806182
208.92983903295058
226.04438575080843
245.54240506329114
258.1020635316545
236.70530469717352
225.8451384744208
233.1437539610677
227.94222279489745
225.0892329345531
208.7214911141727
193.4953275316926
199.79969001199314
205.40375365493455
218.22528572319368
204.26687526167166
192.70951727701123
195.37025316455694
206.4829113924051
163.04683544303793
194.69246118351316
172.61234688703664
180.33260716795502
183.0442726633872
183.05583489161992
150.76068072082245
177.67616741809914
150.76036542515814
135.28468025298667
142.16630758693123
140.08759885070765
143.41735769501054
132.74162493217221
115.32531645569621
116.95981230527143
129.1439698815202
116.26874849889253
109.86902781607763
119.20970627218304
139.77326046796077
141.92431460591177
157.22518836119093
155.0693391568891
162.73498644338125
190.1030415590168
204.6692847124825
191.30194097799307
174.19649614576034
212.28777582409376
199.24876043170627
198.55800210526107
200.40707569606798
165.31954552191579
186.29894810659187
163.35877286484094
174.39909337860783
132.7623729238946
143.69476179227874
114.42209640510814
109.79368863955119
88.72819074333802
92.56661991584852
72.09319775596073
