81.47861150070126
64.26075145788737
58.063132022471905
48.551685393258424
53.06959269662921
41.72801966292135
52.75435393258427
48.88609550561798
46.85912921348314
47.853370786516855
33.822823033707856
43.21500173711181
32.77212078651686
42.838623595505624
31.96952247191011
34.354269786857984
35.75316455696203
44.88101265822785
43.47060369324508
37.75840867992767
44.01871921182266
50.92322308233638
37.42828993666432
34.93560872624912
44.61907107670655
46.60492610837439
68.23166783954962
141.02513162720163
150.6335679099226
174.46170664380367
175.36432490936136
185.33734177215192
234.0866661024951
254.07153893806182
238.92983903295058
205.54438575080843
206.54240506329114
214.1020635316545
212.70530469717352
247.3451384744208
237.6437539610677
192.44222279489745
194.5892329345531
218.2214911141727
187.9953275316926
231.29969001199314
190.40375365493455
220.72528572319368
214.76687526167166
189.70951727701123
168.37025316455694
209.9829113924051
206.54683544303793
190.19246118351316
193.11234688703664
208.33260716795502
202.5442726633872
165.05583489161992
152.26068072082245
182.17616741809914
173.26036542515814
162.28468025298667
150.16630758693145
134.08759885070765
151.41735769501054
135.74162493217221
113.32531645569621
121.45981230527143
118.64396988152022
129.26874849889253
136.36902781607762
120.20970627218304
135.77326046796077
124.42431460591176
156.22518836119093
169.0693391568891
170.23498644338125
181.1030415590168
163.1692847124825
164.80194097799307
199.19649614576034
203.28777582409376
182.74876043170627
233.55800210526107
221.40707569606798
195.81954552191579
163.29894810659187
178.35877286484094
159.39909337860783
143.7623729238946
115.69476179227874
124.92209640510814
101.79368863955119
104.22819074333802
97.06661991584852
72.09319775596073
