65.97861150070126
58.760751457887366
59.063132022471905
63.051685393258424
60.56959269662921
48.72801966292135
48.75435393258427
40.38609550561798
43.85912921348314
37.853370786516855
41.322823033707856
45.71500173711181
44.27212078651686
28.338623595505624
42.46952247191011
33.854269786857984
35.25316455696203
45.88101265822785
45.47060369324508
47.25840867992767
37.51871921182266
43.92322308233638
37.92828993666432
50.43560872624912
42.61907107670655
54.10492610837439
67.73166783954962
142.52513162720163
168.1335679099226
152.46170664380367
185.36432490936136
203.83734177215192
214.5866661024951
237.57153893806182
256.92983903295055
204.04438575080843
233.04240506329114
250.1020635316545
215.70530469717352
249.3451384744208
240.1437539610677
227.44222279489745
235.5892329345531
204.2214911141727
203.4953275316926
234.29969001199314
187.40375365493455
208.72528572319368
190.76687526167166
216.20951727701123
188.87025316455694
170.4829113924051
182.54683544303793
177.69246118351316
171.61234688703664
187.33260716795502
188.0442726633872
192.55583489161992
158.76068072082245
183.17616741809914
155.26036542515814
169.78468025298667
150.66630758693145
129.08759885070765
151.91735769501054
140.24162493217221
110.82531645569621
114.95981230527143
114.14396988152022
128.26874849889253
125.86902781607763
110.70970627218304
134.77326046796077
145.42431460591177
141.72518836119093
148.0693391568891
173.73498644338125
177.6030415590168
169.1692847124825
156.80194097799307
170.19649614576034
212.28777582409376
223.24876043170627
199.55800210526107
210.90707569606798
166.31954552191579
197.79894810659187
171.85877286484094
168.89909337860783
141.7623729238946
120.69476179227874
133.42209640510814
96.79368863955119
86.22819074333802
98.06661991584852
83.59319775596073
