73.47861150070126
53.260751457887366
70.5631320224719
49.551685393258424
54.56959269662921
50.72801966292135
49.75435393258427
48.88609550561798
48.85912921348314
53.353370786516855
34.822823033707856
35.21500173711181
36.77212078651686
41.838623595505624
35.46952247191011
37.854269786857984
34.75316455696203
37.38101265822785
43.47060369324508
41.75840867992767
39.51871921182266
40.92322308233638
46.42828993666432
47.43560872624912
49.61907107670655
58.60492610837439
66.73166783954962
126.02513162720163
141.6335679099226
179.46170664380367
205.36432490936136
205.33734177215192
229.0866661024951
213.07153893806182
213.42983903295058
243.04438575080843
240.54240506329114
253.1020635316545
255.20530469717352
244.8451384744208
212.1437539610677
210.44222279489745
230.5892329345531
187.7214911141727
231.9953275316926
190.29969001199314
210.90375365493455
219.72528572319368
194.76687526167166
221.70951727701123
209.87025316455694
191.9829113924051
170.04683544303793
174.19246118351316
178.11234688703664
191.83260716795502
169.5442726633872
191.05583489161992
177.76068072082245
172.67616741809914
147.26036542515814
146.28468025298667
150.66630758693145
155.58759885070765
132.91735769501054
128.24162493217221
124.32531645569621
131.95981230527144
120.14396988152022
139.76874849889253
120.86902781607763
134.70970627218304
121.77326046796075
137.92431460591177
124.22518836119094
156.0693391568891
175.23498644338125
174.1030415590168
178.1692847124825
184.80194097799307
208.19649614576034
200.78777582409376
214.24876043170627
199.05800210526107
210.40707569606798
168.81954552191579
174.29894810659187
163.85877286484094
147.89909337860783
152.2623729238946
144.69476179227874
115.42209640510814
113.29368863955119
92.22819074333802
81.56661991584852
70.09319775596073
