72.97861150070126
60.760751457887366
67.0631320224719
62.551685393258424
51.06959269662921
47.22801966292135
41.25435393258427
38.88609550561798
38.85912921348314
47.853370786516855
40.822823033707856
44.71500173711181
32.27212078651686
43.838623595505624
41.96952247191011
29.85426978685798
33.75316455696203
40.38101265822785
41.97060369324508
34.25840867992767
39.01871921182266
38.92322308233638
44.92828993666432
43.93560872624912
49.61907107670655
50.10492610837439
76.73166783954962
138.02513162720163
159.1335679099226
178.46170664380367
181.36432490936136
212.33734177215192
200.0866661024951
226.07153893806182
234.42983903295058
217.54438575080843
250.04240506329114
215.1020635316545
238.70530469717352
226.8451384744208
216.6437539610677
212.44222279489745
225.0892329345531
205.7214911141727
186.4953275316926
232.29969001199314
211.90375365493455
189.22528572319368
212.26687526167166
203.70951727701123
173.87025316455694
185.4829113924051
185.04683544303793
184.69246118351316
184.11234688703664
175.33260716795502
189.0442726633872
194.05583489161992
187.26068072082245
187.67616741809914
181.26036542515814
169.28468025298667
137.16630758693108
140.58759885070765
144.41735769501054
144.74162493217221
129.82531645569622
121.45981230527143
118.14396988152022
140.76874849889253
116.86902781607763
120.70970627218304
115.77326046796075
122.42431460591176
150.22518836119093
153.5693391568891
185.23498644338125
189.1030415590168
177.6692847124825
191.80194097799307
206.69649614576034
211.78777582409376
189.74876043170627
225.55800210526107
220.40707569606798
185.31954552191579
170.79894810659187
194.35877286484094
179.39909337860783
138.7623729238946
142.69476179227874
128.92209640510814
113.29368863955119
82.72819074333802
88.06661991584852
68.09319775596073
