83.47861150070126
65.26075145788737
69.5631320224719
62.551685393258424
52.56959269662921
41.72801966292135
51.25435393258427
51.38609550561798
43.35912921348314
42.353370786516855
36.322823033707856
35.21500173711181
34.77212078651686
42.338623595505624
39.46952247191011
31.85426978685798
32.25316455696203
29.381012658227853
34.97060369324508
37.75840867992767
37.01871921182266
45.42322308233638
36.42828993666432
40.43560872624912
51.61907107670655
57.60492610837439
70.23166783954962
122.02513162720163
163.6335679099226
148.46170664380367
168.36432490936136
213.33734177215192
224.5866661024951
236.57153893806182
242.92983903295058
215.54438575080843
253.04240506329114
208.6020635316545
211.20530469717352
249.8451384744208
219.1437539610677
200.94222279489745
227.5892329345531
200.2214911141727
227.4953275316926
212.79969001199314
225.90375365493455
187.22528572319368
221.76687526167166
189.20951727701123
168.37025316455694
200.4829113924051
191.04683544303793
174.69246118351316
166.61234688703664
163.83260716795502
181.0442726633872
176.05583489161992
153.76068072082245
176.67616741809914
145.76036542515814
152.28468025298667
142.16630758693123
127.08759885070765
134.41735769501054
135.74162493217221
131.32531645569622
137.95981230527144
129.6439698815202
126.76874849889253
119.36902781607763
131.70970627218304
126.77326046796075
133.42431460591177
143.72518836119093
168.5693391568891
166.73498644338125
167.1030415590168
162.1692847124825
201.30194097799307
184.69649614576034
215.28777582409376
219.74876043170627
194.05800210526107
183.90707569606798
201.31954552191579
170.79894810659187
197.85877286484094
188.89909337860783
166.2623729238946
116.69476179227874
132.42209640510814
107.29368863955119
110.22819074333802
80.06661991584852
76.09319775596073
