72.47861150070126
68.76075145788737
56.563132022471905
65.05168539325842
46.06959269662921
49.72801966292135
52.25435393258427
41.38609550561798
40.35912921348314
53.353370786516855
35.822823033707856
35.21500173711181
35.77212078651686
39.838623595505624
41.46952247191011
39.854269786857984
31.753164556962027
35.88101265822785
35.47060369324508
45.25840867992767
36.01871921182266
43.42322308233638
40.92828993666432
50.43560872624912
39.11907107670655
59.60492610837439
63.731667839549615
122.52513162720163
151.6335679099226
165.96170664380367
166.86432490936136
222.33734177215192
204.5866661024951
227.57153893806182
221.42983903295058
244.54438575080843
212.04240506329114
244.6020635316545
222.70530469717352
221.3451384744208
232.6437539610677
222.94222279489745
215.5892329345531
229.7214911141727
207.4953275316926
212.79969001199314
217.90375365493455
212.22528572319368
189.76687526167166
181.70951727701123
210.87025316455694
177.4829113924051
184.04683544303793
197.69246118351316
207.61234688703664
203.83260716795502
188.0442726633872
191.55583489161992
166.26068072082245
189.17616741809914
158.26036542515814
164.78468025298667
163.66630758693185
145.58759885070765
126.91735769501052
113.2416249321722
137.32531645569622
112.95981230527143
137.1439698815202
124.26874849889253
113.36902781607763
122.20970627218304
118.77326046796075
117.92431460591176
124.72518836119094
158.5693391568891
178.23498644338125
198.1030415590168
199.1692847124825
200.80194097799307
168.69649614576034
196.78777582409376
205.24876043170627
238.05800210526107
217.90707569606798
209.31954552191579
161.29894810659187
189.85877286484094
147.39909337860783
146.7623729238946
134.19476179227874
128.92209640510814
119.29368863955119
88.72819074333802
96.56661991584852
76.09319775596073
