61.47861150070126
55.760751457887366
67.5631320224719
56.551685393258424
45.56959269662921
57.72801966292135
44.75435393258427
49.38609550561798
41.35912921348314
35.853370786516855
47.322823033707856
45.71500173711181
35.27212078651686
35.838623595505624
28.96952247191011
29.35426978685798
43.25316455696203
35.88101265822785
40.97060369324508
36.75840867992767
35.01871921182266
37.42322308233638
45.92828993666432
38.43560872624912
52.61907107670655
51.60492610837439
68.23166783954962
142.02513162720163
161.1335679099226
164.96170664380367
183.36432490936136
218.33734177215192
220.0866661024951
226.07153893806182
224.42983903295058
253.54438575080843
233.54240506329114
220.6020635316545
227.20530469717352
215.3451384744208
211.6437539610677
230.44222279489745
195.0892329345531
209.2214911141727
229.9953275316926
226.29969001199314
204.40375365493455
203.72528572319368
196.26687526167166
180.70951727701123
178.87025316455694
167.9829113924051
181.54683544303793
167.19246118351316
207.61234688703664
169.33260716795502
189.0442726633872
195.05583489161992
183.76068072082245
184.17616741809914
173.76036542515814
151.78468025298667
129.66630758693088
139.08759885070765
130.91735769501054
135.74162493217221
114.82531645569621
138.95981230527144
127.64396988152022
137.76874849889253
107.36902781607763
136.70970627218304
122.27326046796075
117.42431460591176
137.72518836119093
137.0693391568891
162.73498644338125
192.6030415590168
165.6692847124825
165.80194097799307
172.69649614576034
203.28777582409376
200.74876043170627
192.55800210526107
225.40707569606798
193.81954552191579
196.79894810659187
179.85877286484094
188.89909337860783
134.7623729238946
135.19476179227874
112.42209640510814
115.79368863955119
91.72819074333802
87.56661991584852
72.09319775596073
