68.47861150070126
70.26075145788737
60.063132022471905
51.551685393258424
54.56959269662921
48.22801966292135
41.75435393258427
45.88609550561798
49.85912921348314
44.853370786516855
34.822823033707856
42.21500173711181
33.27212078651686
36.338623595505624
27.96952247191011
38.854269786857984
32.25316455696203
31.381012658227853
44.97060369324508
33.75840867992767
34.51871921182266
39.42322308233638
47.42828993666432
42.93560872624912
39.11907107670655
53.10492610837439
81.23166783954962
129.02513162720163
172.1335679099226
161.96170664380367
162.86432490936136
226.83734177215192
249.5866661024951
259.07153893806185
241.92983903295058
246.04438575080843
229.54240506329114
238.6020635316545
251.70530469717352
238.3451384744208
242.6437539610677
242.44222279489745
205.0892329345531
209.2214911141727
225.4953275316926
230.29969001199314
212.40375365493455
202.72528572319368
225.26687526167166
189.20951727701123
182.37025316455694
181.9829113924051
189.04683544303793
207.19246118351316
183.61234688703664
193.83260716795502
207.0442726633872
170.55583489161992
173.76068072082245
173.17616741809914
154.26036542515814
136.78468025298667
136.16630758693105
126.58759885070765
131.91735769501054
120.7416249321722
124.32531645569621
137.95981230527144
113.64396988152022
124.26874849889253
123.36902781607763
140.70970627218304
119.27326046796075
120.92431460591176
133.72518836119093
139.0693391568891
179.23498644338125
201.6030415590168
186.1692847124825
184.80194097799307
201.69649614576034
211.28777582409376
200.74876043170627
197.55800210526107
208.40707569606798
198.31954552191579
174.79894810659187
169.35877286484094
175.39909337860783
131.7623729238946
130.19476179227874
114.42209640510814
116.29368863955119
91.22819074333802
79.06661991584852
89.59319775596073
