67.97861150070126
55.760751457887366
53.063132022471905
65.55168539325842
63.56959269662921
50.22801966292135
47.75435393258427
53.38609550561798
50.85912921348314
40.853370786516855
32.822823033707856
43.21500173711181
45.77212078651686
38.338623595505624
36.46952247191011
43.354269786857984
39.25316455696203
29.881012658227853
41.47060369324508
35.75840867992767
46.01871921182266
39.42322308233638
39.92828993666432
40.43560872624912
39.11907107670655
59.60492610837439
83.73166783954962
135.52513162720163
164.6335679099226
150.46170664380367
184.86432490936136
221.33734177215192
253.5866661024951
227.07153893806182
248.92983903295058
205.04438575080843
246.54240506329114
231.6020635316545
254.70530469717352
244.8451384744208
216.1437539610677
196.94222279489745
193.0892329345531
196.2214911141727
208.9953275316926
218.29969001199314
187.90375365493455
208.22528572319368
200.26687526167166
189.20951727701123
191.87025316455694
175.9829113924051
167.04683544303793
197.69246118351316
181.11234688703664
174.33260716795502
176.0442726633872
169.05583489161992
151.26068072082245
179.17616741809914
183.26036542515814
140.28468025298667
130.66630758693088
154.58759885070765
134.91735769501054
142.74162493217221
115.32531645569621
121.45981230527143
128.6439698815202
112.26874849889253
122.86902781607763
120.20970627218304
128.77326046796077
142.42431460591177
140.22518836119093
153.5693391568891
151.23498644338125
195.6030415590168
196.6692847124825
168.30194097799307
208.19649614576034
183.28777582409376
229.74876043170627
240.05800210526107
191.90707569606798
178.31954552191579
192.79894810659187
194.35877286484094
154.89909337860783
152.2623729238946
142.19476179227874
118.42209640510814
114.79368863955119
103.22819074333802
98.06661991584852
90.09319775596073
