80.97861150070126
55.760751457887366
53.063132022471905
51.051685393258424
51.56959269662921
54.22801966292135
50.25435393258427
41.88609550561798
36.85912921348314
42.353370786516855
33.322823033707856
38.71500173711181
39.27212078651686
37.338623595505624
28.96952247191011
39.354269786857984
42.25316455696203
45.88101265822785
45.47060369324508
39.75840867992767
48.51871921182266
43.42322308233638
42.42828993666432
40.43560872624912
44.61907107670655
57.10492610837439
80.73166783954962
110.02513162720163
165.1335679099226
161.96170664380367
205.36432490936136
229.33734177215192
225.0866661024951
237.07153893806182
205.92983903295058
236.54438575080843
257.04240506329114
211.6020635316545
243.20530469717352
235.3451384744208
244.1437539610677
220.94222279489745
229.0892329345531
220.7214911141727
203.4953275316926
209.79969001199314
189.40375365493455
217.22528572319368
198.26687526167166
210.20951727701123
175.37025316455694
194.4829113924051
173.54683544303793
179.69246118351316
177.11234688703664
187.83260716795502
174.0442726633872
179.55583489161992
182.76068072082245
189.17616741809914
149.76036542515814
137.78468025298667
142.16630758693123
138.08759885070765
149.41735769501054
125.2416249321722
116.82531645569621
140.45981230527144
124.64396988152022
124.26874849889253
138.86902781607762
121.20970627218304
148.77326046796077
138.42431460591177
136.72518836119093
134.0693391568891
165.73498644338125
157.6030415590168
167.1692847124825
168.80194097799307
189.69649614576034
192.28777582409376
214.74876043170627
231.55800210526107
202.40707569606798
199.31954552191579
181.79894810659187
167.85877286484094
153.89909337860783
155.2623729238946
114.19476179227874
124.92209640510814
119.29368863955119
85.72819074333802
94.06661991584852
89.59319775596073
