78.97861150070126
62.260751457887366
63.063132022471905
58.051685393258424
56.56959269662921
55.22801966292135
42.25435393258427
54.38609550561798
38.35912921348314
50.853370786516855
47.822823033707856
48.21500173711181
35.27212078651686
35.838623595505624
28.46952247191011
36.354269786857984
41.25316455696203
38.38101265822785
40.47060369324508
36.75840867992767
46.01871921182266
40.92322308233638
35.42828993666432
35.93560872624912
51.61907107670655
49.60492610837439
63.231667839549615
137.52513162720163
158.1335679099226
161.96170664380367
175.36432490936136
199.83734177215192
235.5866661024951
257.07153893806185
220.92983903295058
229.04438575080843
210.04240506329114
210.1020635316545
245.20530469717352
244.3451384744208
225.6437539610677
214.94222279489745
198.5892329345531
212.7214911141727
189.4953275316926
198.79969001199314
226.90375365493455
227.72528572319368
191.76687526167166
215.20951727701123
173.37025316455694
202.9829113924051
200.04683544303793
208.19246118351316
192.61234688703664
180.33260716795502
191.5442726633872
190.55583489161992
168.26068072082245
170.67616741809914
173.76036542515814
135.28468025298667
138.6663075869311
145.58759885070765
147.41735769501054
114.7416249321722
126.82531645569621
108.95981230527143
114.14396988152022
124.26874849889253
130.36902781607762
127.20970627218304
134.27326046796077
126.92431460591176
121.72518836119094
137.5693391568891
174.73498644338125
185.6030415590168
197.6692847124825
172.30194097799307
172.19649614576034
185.28777582409376
206.74876043170627
216.55800210526107
216.40707569606798
178.81954552191579
177.29894810659187
182.85877286484094
156.89909337860783
167.7623729238946
121.69476179227874
125.92209640510814
117.29368863955119
100.22819074333802
81.56661991584852
84.09319775596073
