71.97861150070126
58.260751457887366
66.0631320224719
57.551685393258424
55.56959269662921
53.22801966292135
53.75435393258427
39.38609550561798
49.85912921348314
51.853370786516855
48.322823033707856
40.21500173711181
30.772120786516858
30.838623595505624
38.96952247191011
32.354269786857984
46.25316455696203
37.88101265822785
34.97060369324508
44.75840867992767
35.51871921182266
43.92322308233638
41.42828993666432
37.43560872624912
48.11907107670655
60.60492610837439
82.23166783954962
140.52513162720163
140.6335679099226
167.46170664380367
162.36432490936136
229.33734177215192
241.5866661024951
246.57153893806182
253.92983903295058
227.54438575080843
253.54240506329114
257.6020635316545
247.70530469717352
209.8451384744208
219.1437539610677
228.44222279489745
191.5892329345531
193.7214911141727
195.4953275316926
220.29969001199314
194.90375365493455
233.22528572319368
194.76687526167166
206.20951727701123
186.37025316455694
177.9829113924051
162.04683544303793
198.69246118351316
196.11234688703664
168.83260716795502
204.5442726633872
156.05583489161992
153.76068072082245
151.17616741809914
150.76036542515814
143.28468025298667
137.6663075869311
146.58759885070765
134.91735769501054
129.74162493217221
135.82531645569622
131.95981230527144
135.1439698815202
128.26874849889253
113.86902781607763
121.70970627218304
118.77326046796075
132.92431460591177
120.72518836119094
143.5693391568891
163.73498644338125
161.6030415590168
181.1692847124825
180.80194097799307
199.19649614576034
173.28777582409376
206.74876043170627
190.05800210526107
221.40707569606798
177.81954552191579
192.29894810659187
193.35877286484094
186.39909337860783
152.2623729238946
127.19476179227874
110.92209640510814
113.79368863955119
94.22819074333802
98.06661991584852
67.09319775596073
