75.97861150070126
53.260751457887366
55.563132022471905
55.051685393258424
47.56959269662921
48.22801966292135
52.75435393258427
40.88609550561798
47.85912921348314
38.353370786516855
46.822823033707856
32.21500173711181
38.27212078651686
31.338623595505624
33.96952247191011
34.854269786857984
31.753164556962027
44.38101265822785
44.47060369324508
38.25840867992767
45.51871921182266
49.92322308233638
49.92828993666432
48.93560872624912
39.11907107670655
48.10492610837439
80.23166783954962
129.02513162720163
138.1335679099226
168.46170664380367
176.36432490936136
203.83734177215192
247.0866661024951
207.57153893806182
249.42983903295058
249.04438575080843
241.04240506329114
227.1020635316545
213.20530469717352
220.8451384744208
249.1437539610677
226.44222279489745
238.0892329345531
226.7214911141727
230.4953275316926
196.29969001199314
231.40375365493455
232.72528572319368
191.26687526167166
184.70951727701123
194.37025316455694
187.4829113924051
166.04683544303793
167.69246118351316
180.11234688703664
202.33260716795502
193.5442726633872
183.05583489161992
181.76068072082245
176.17616741809914
159.26036542515814
143.78468025298667
128.16630758693083
131.08759885070765
137.91735769501054
135.24162493217221
131.82531645569622
126.95981230527143
136.6439698815202
129.26874849889253
116.86902781607763
123.20970627218304
136.77326046796077
114.42431460591176
148.72518836119093
162.5693391568891
148.23498644338125
192.6030415590168
186.1692847124825
169.80194097799307
210.69649614576034
195.78777582409376
195.74876043170627
197.55800210526107
218.90707569606798
208.31954552191579
202.29894810659187
160.85877286484094
158.89909337860783
145.2623729238946
114.69476179227874
123.42209640510814
120.29368863955119
100.72819074333802
74.56661991584852
72.09319775596073
