82.47861150070126
58.260751457887366
68.5631320224719
47.051685393258424
57.56959269662921
50.72801966292135
49.75435393258427
42.38609550561798
48.35912921348314
52.353370786516855
42.322823033707856
36.71500173711181
45.27212078651686
30.838623595505624
43.46952247191011
37.354269786857984
33.75316455696203
45.88101265822785
42.47060369324508
48.25840867992767
44.51871921182266
43.92322308233638
39.42828993666432
34.93560872624912
45.11907107670655
56.60492610837439
71.23166783954962
139.02513162720163
152.1335679099226
176.46170664380367
176.36432490936136
204.83734177215192
213.5866661024951
212.57153893806182
209.92983903295058
236.54438575080843
230.54240506329114
243.6020635316545
232.20530469717352
242.3451384744208
241.6437539610677
210.44222279489745
216.5892329345531
188.2214911141727
205.9953275316926
204.79969001199314
205.90375365493455
209.72528572319368
226.26687526167166
185.70951727701123
201.37025316455694
181.9829113924051
184.54683544303793
204.69246118351316
193.61234688703664
175.83260716795502
186.0442726633872
164.55583489161992
162.76068072082245
152.17616741809914
155.76036542515814
167.28468025298667
134.166307586931
153.08759885070765
128.91735769501054
145.74162493217221
128.32531645569622
118.45981230527143
125.64396988152022
142.76874849889253
118.86902781607763
139.20970627218304
129.27326046796077
130.92431460591177
122.72518836119094
151.5693391568891
146.73498644338125
158.6030415590168
202.1692847124825
168.30194097799307
190.19649614576034
182.78777582409376
228.24876043170627
214.05800210526107
183.40707569606798
205.31954552191579
172.79894810659187
178.85877286484094
185.89909337860783
164.7623729238946
148.69476179227874
105.92209640510814
104.79368863955119
92.72819074333802
88.56661991584852
77.59319775596073
