70.47861150070126
59.760751457887366
53.063132022471905
49.551685393258424
53.06959269662921
52.22801966292135
44.25435393258427
46.88609550561798
45.35912921348314
36.353370786516855
32.822823033707856
32.21500173711181
45.27212078651686
36.338623595505624
37.96952247191011
31.35426978685798
42.25316455696203
37.88101265822785
35.97060369324508
44.75840867992767
48.01871921182266
40.92322308233638
43.92828993666432
39.43560872624912
47.61907107670655
48.60492610837439
62.231667839549615
134.52513162720163
150.1335679099226
171.96170664380367
171.86432490936136
193.33734177215192
248.5866661024951
263.57153893806185
251.92983903295058
257.54438575080843
252.54240506329114
236.1020635316545
263.2053046971735
220.3451384744208
249.6437539610677
200.44222279489745
196.5892329345531
185.7214911141727
212.9953275316926
195.29969001199314
209.90375365493455
231.22528572319368
210.26687526167166
190.20951727701123
185.37025316455694
170.4829113924051
168.04683544303793
199.19246118351316
203.11234688703664
198.33260716795502
179.0442726633872
165.55583489161992
180.76068072082245
149.67616741809914
148.26036542515814
157.78468025298667
165.6663075869319
127.08759885070765
146.91735769501054
121.7416249321722
133.82531645569622
123.95981230527143
110.64396988152022
139.26874849889253
133.86902781607762
135.70970627218304
127.77326046796075
144.42431460591177
144.22518836119093
149.5693391568891
143.73498644338125
168.1030415590168
205.1692847124825
192.80194097799307
197.69649614576034
179.28777582409376
211.74876043170627
220.55800210526107
192.90707569606798
177.81954552191579
169.29894810659187
188.35877286484094
173.89909337860783
163.2623729238946
146.19476179227874
112.92209640510814
119.79368863955119
82.22819074333802
97.56661991584852
68.09319775596073
