64.47861150070126
59.760751457887366
53.063132022471905
57.051685393258424
44.56959269662921
50.22801966292135
55.25435393258427
48.88609550561798
37.85912921348314
47.853370786516855
47.322823033707856
43.71500173711181
40.27212078651686
36.838623595505624
30.46952247191011
38.354269786857984
39.75316455696203
36.38101265822785
32.47060369324508
41.25840867992767
43.01871921182266
33.92322308233638
39.92828993666432
48.43560872624912
42.61907107670655
49.10492610837439
78.73166783954962
129.02513162720163
149.1335679099226
177.46170664380367
206.36432490936136
181.33734177215192
244.0866661024951
239.57153893806182
255.92983903295058
207.04438575080843
243.04240506329114
227.1020635316545
248.70530469717352
200.3451384744208
227.1437539610677
233.94222279489745
195.0892329345531
232.7214911141727
224.4953275316926
188.79969001199314
222.90375365493455
190.22528572319368
189.76687526167166
182.70951727701123
185.37025316455694
209.4829113924051
192.04683544303793
199.69246118351316
185.61234688703664
182.83260716795502
172.0442726633872
156.55583489161992
171.26068072082245
185.67616741809914
176.76036542515814
154.28468025298667
132.66630758693094
146.08759885070765
130.91735769501054
141.74162493217221
117.82531645569621
119.45981230527143
121.64396988152022
132.76874849889253
130.86902781607762
120.20970627218304
139.77326046796077
138.42431460591177
154.72518836119093
166.0693391568891
169.73498644338125
185.1030415590168
190.1692847124825
161.30194097799307
205.69649614576034
200.28777582409376
226.74876043170627
237.05800210526107
227.40707569606798
197.81954552191579
167.79894810659187
195.35877286484094
161.39909337860783
131.2623729238946
122.69476179227874
125.42209640510814
97.29368863955119
101.22819074333802
97.06661991584852
75.09319775596073
