78.47861150070126
66.76075145788737
50.063132022471905
60.051685393258424
60.56959269662921
51.22801966292135
38.75435393258427
47.38609550561798
43.85912921348314
40.353370786516855
39.322823033707856
47.71500173711181
36.77212078651686
32.338623595505624
42.96952247191011
38.854269786857984
44.25316455696203
30.381012658227853
39.47060369324508
36.25840867992767
47.51871921182266
33.92322308233638
43.92828993666432
35.43560872624912
38.11907107670655
59.10492610837439
69.73166783954962
139.02513162720163
169.1335679099226
150.46170664380367
205.36432490936136
209.33734177215192
221.0866661024951
253.57153893806182
211.92983903295058
248.54438575080843
240.54240506329114
224.1020635316545
212.70530469717352
200.3451384744208
235.6437539610677
208.44222279489745
217.0892329345531
214.7214911141727
199.9953275316926
233.79969001199314
188.90375365493455
191.22528572319368
214.76687526167166
201.20951727701123
171.87025316455694
169.4829113924051
162.04683544303793
207.19246118351316
181.11234688703664
179.33260716795502
202.0442726633872
190.55583489161992
159.76068072082245
165.67616741809914
180.76036542515814
138.28468025298667
135.16630758693103
138.08759885070765
119.91735769501052
135.74162493217221
143.32531645569622
118.95981230527143
116.64396988152022
119.76874849889253
134.86902781607762
139.70970627218304
130.77326046796077
136.92431460591177
142.22518836119093
142.0693391568891
147.23498644338125
165.6030415590168
202.6692847124825
177.30194097799307
204.19649614576034
174.78777582409376
203.24876043170627
212.55800210526107
203.90707569606798
196.81954552191579
175.29894810659187
189.35877286484094
176.89909337860783
131.7623729238946
114.69476179227874
125.42209640510814
106.79368863955119
95.72819074333802
84.06661991584852
67.09319775596073
