61.47861150070126
72.26075145788737
51.063132022471905
59.051685393258424
46.56959269662921
54.72801966292135
39.25435393258427
53.38609550561798
42.35912921348314
41.853370786516855
35.322823033707856
33.21500173711181
44.77212078651686
37.838623595505624
41.96952247191011
28.35426978685798
31.753164556962027
36.38101265822785
40.47060369324508
41.25840867992767
37.51871921182266
42.42322308233638
48.42828993666432
51.43560872624912
48.61907107670655
49.60492610837439
66.73166783954962
118.02513162720163
150.1335679099226
155.96170664380367
163.86432490936136
220.83734177215192
224.0866661024951
263.07153893806185
211.42983903295058
227.04438575080843
254.54240506329114
252.1020635316545
255.70530469717352
215.3451384744208
221.6437539610677
226.44222279489745
198.0892329345531
205.7214911141727
211.4953275316926
227.79969001199314
190.90375365493455
186.72528572319368
217.26687526167166
198.20951727701123
210.37025316455694
193.9829113924051
194.04683544303793
175.69246118351316
173.61234688703664
166.33260716795502
193.0442726633872
188.05583489161992
158.76068072082245
155.67616741809914
161.76036542515814
165.78468025298667
142.16630758693123
122.08759885070765
131.91735769501054
111.2416249321722
126.82531645569621
122.95981230527143
122.64396988152022
110.26874849889253
119.86902781607763
140.70970627218304
117.77326046796075
145.42431460591177
142.22518836119093
149.0693391568891
184.73498644338125
161.6030415590168
187.1692847124825
183.30194097799307
202.19649614576034
212.28777582409376
206.24876043170627
204.05800210526107
219.40707569606798
201.81954552191579
179.29894810659187
184.85877286484094
153.89909337860783
155.7623729238946
131.19476179227874
131.42209640510814
105.79368863955119
102.72819074333802
76.56661991584852
79.09319775596073
