82.47861150070126
62.260751457887366
62.563132022471905
54.051685393258424
50.06959269662921
43.72801966292135
49.75435393258427
45.88609550561798
48.35912921348314
44.853370786516855
33.822823033707856
34.71500173711181
42.77212078651686
33.338623595505624
32.96952247191011
28.85426978685798
39.25316455696203
30.381012658227853
38.97060369324508
42.75840867992767
32.01871921182266
46.92322308233638
33.92828993666432
39.93560872624912
49.11907107670655
59.10492610837439
62.231667839549615
112.52513162720163
134.6335679099226
146.96170664380367
203.36432490936136
203.33734177215192
244.5866661024951
232.07153893806182
231.42983903295058
227.04438575080843
212.04240506329114
233.6020635316545
259.2053046971735
226.8451384744208
250.1437539610677
212.44222279489745
238.0892329345531
186.7214911141727
212.4953275316926
230.29969001199314
222.90375365493455
228.22528572319368
198.76687526167166
221.20951727701123
185.37025316455694
194.9829113924051
186.04683544303793
187.69246118351316
183.11234688703664
175.83260716795502
170.0442726633872
179.05583489161992
186.76068072082245
151.67616741809914
162.76036542515814
159.28468025298667
137.16630758693108
143.58759885070765
127.91735769501052
118.7416249321722
125.32531645569621
121.95981230527143
115.14396988152022
111.26874849889253
130.36902781607762
112.70970627218304
141.27326046796077
128.92431460591177
145.22518836119093
141.0693391568891
146.23498644338125
159.1030415590168
162.1692847124825
200.80194097799307
167.19649614576034
214.28777582409376
203.24876043170627
209.55800210526107
216.40707569606798
188.81954552191579
166.29894810659187
162.35877286484094
151.89909337860783
148.2623729238946
148.19476179227874
124.42209640510814
105.29368863955119
90.72819074333802
97.06661991584852
79.09319775596073
