82.97861150070126
61.260751457887366
70.5631320224719
47.051685393258424
58.56959269662921
42.22801966292135
52.75435393258427
36.88609550561798
38.85912921348314
43.353370786516855
40.322823033707856
37.71500173711181
29.272120786516858
39.338623595505624
43.46952247191011
32.854269786857984
32.25316455696203
41.38101265822785
44.97060369324508
36.25840867992767
40.01871921182266
40.42322308233638
48.42828993666432
43.93560872624912
38.11907107670655
50.10492610837439
73.73166783954962
114.52513162720163
136.1335679099226
183.46170664380367
201.86432490936136
205.83734177215192
213.0866661024951
233.57153893806182
246.42983903295058
254.04438575080843
210.04240506329114
210.1020635316545
240.20530469717352
216.3451384744208
249.1437539610677
231.44222279489745
224.5892329345531
192.2214911141727
215.4953275316926
233.79969001199314
227.40375365493455
188.72528572319368
216.26687526167166
200.70951727701123
194.87025316455694
182.4829113924051
166.54683544303793
168.69246118351316
189.61234688703664
184.83260716795502
205.0442726633872
185.05583489161992
165.26068072082245
185.67616741809914
173.26036542515814
172.28468025298667
137.16630758693108
138.58759885070765
128.41735769501054
136.74162493217221
112.32531645569621
123.45981230527143
117.14396988152022
131.76874849889253
111.36902781607763
114.70970627218304
132.27326046796077
145.42431460591177
134.72518836119093
169.5693391568891
165.23498644338125
194.6030415590168
181.6692847124825
158.80194097799307
191.19649614576034
208.28777582409376
222.74876043170627
237.55800210526107
206.90707569606798
180.81954552191579
163.29894810659187
197.35877286484094
152.89909337860783
167.2623729238946
114.69476179227874
133.92209640510814
96.29368863955119
109.72819074333802
95.56661991584852
66.59319775596073
