67.97861150070126
53.260751457887366
62.063132022471905
50.051685393258424
50.06959269662921
42.72801966292135
45.25435393258427
54.88609550561798
51.85912921348314
49.353370786516855
44.822823033707856
37.21500173711181
30.772120786516858
29.838623595505624
32.96952247191011
36.854269786857984
31.753164556962027
38.88101265822785
45.97060369324508
47.25840867992767
45.01871921182266
36.42322308233638
43.42828993666432
45.93560872624912
40.11907107670655
54.10492610837439
84.73166783954962
124.52513162720163
162.1335679099226
170.46170664380367
164.36432490936136
188.33734177215192
249.5866661024951
230.57153893806182
206.42983903295058
223.54438575080843
252.04240506329114
216.6020635316545
246.70530469717352
247.8451384744208
238.1437539610677
231.94222279489745
195.5892329345531
219.7214911141727
213.9953275316926
201.29969001199314
214.90375365493455
192.72528572319368
200.26687526167166
195.20951727701123
176.87025316455694
180.9829113924051
198.04683544303793
193.19246118351316
201.61234688703664
195.83260716795502
200.5442726633872
193.55583489161992
180.76068072082245
148.17616741809914
157.26036542515814
151.78468025298667
149.66630758693145
145.58759885070765
151.91735769501054
132.24162493217221
116.82531645569621
116.45981230527143
119.64396988152022
116.76874849889253
118.86902781607763
124.20970627218304
114.27326046796075
136.42431460591177
148.22518836119093
164.0693391568891
156.73498644338125
196.6030415590168
173.6692847124825
194.80194097799307
184.19649614576034
205.28777582409376
197.24876043170627
218.05800210526107
187.90707569606798
178.81954552191579
171.79894810659187
173.35877286484094
182.39909337860783
141.2623729238946
143.69476179227874
125.42209640510814
111.79368863955119
97.22819074333802
89.06661991584852
69.09319775596073
