64.47861150070126
67.76075145788737
58.563132022471905
63.051685393258424
61.06959269662921
48.22801966292135
46.25435393258427
45.38609550561798
52.35912921348314
45.353370786516855
42.822823033707856
39.71500173711181
45.27212078651686
31.838623595505624
40.46952247191011
42.354269786857984
42.75316455696203
36.88101265822785
34.97060369324508
31.75840867992767
33.51871921182266
35.92322308233638
44.42828993666432
35.93560872624912
49.11907107670655
42.60492610837439
68.73166783954962
132.52513162720163
137.6335679099226
182.46170664380367
181.86432490936136
188.83734177215192
231.0866661024951
245.07153893806182
211.92983903295058
203.04438575080843
221.04240506329114
219.6020635316545
231.20530469717352
203.8451384744208
241.1437539610677
237.44222279489745
213.0892329345531
219.7214911141727
203.9953275316926
201.79969001199314
224.40375365493455
191.22528572319368
204.76687526167166
179.20951727701123
208.37025316455694
165.9829113924051
195.04683544303793
171.19246118351316
172.61234688703664
195.33260716795502
207.5442726633872
155.05583489161992
175.76068072082245
164.67616741809914
151.76036542515814
146.28468025298667
131.1663075869309
150.58759885070765
121.41735769501052
134.24162493217221
123.32531645569621
108.95981230527143
114.14396988152022
111.26874849889253
128.86902781607762
117.70970627218304
124.77326046796075
129.92431460591177
153.22518836119093
141.5693391568891
161.73498644338125
185.1030415590168
206.6692847124825
179.30194097799307
188.19649614576034
200.28777582409376
200.74876043170627
202.55800210526107
208.40707569606798
203.81954552191579
205.79894810659187
182.85877286484094
158.39909337860783
161.2623729238946
126.19476179227874
127.42209640510814
108.29368863955119
86.22819074333802
73.56661991584852
76.59319775596073
