74.47861150070126
66.26075145788737
56.563132022471905
65.55168539325842
61.56959269662921
43.72801966292135
43.75435393258427
46.88609550561798
44.35912921348314
51.353370786516855
40.322823033707856
44.21500173711181
39.27212078651686
31.838623595505624
37.46952247191011
44.354269786857984
44.25316455696203
31.381012658227853
39.97060369324508
43.25840867992767
40.01871921182266
35.92322308233638
34.42828993666432
49.43560872624912
44.11907107670655
58.60492610837439
74.73166783954962
120.52513162720163
162.1335679099226
164.96170664380367
193.86432490936136
188.33734177215192
221.5866661024951
222.57153893806182
208.92983903295058
254.54438575080843
203.54240506329114
215.6020635316545
253.20530469717352
216.3451384744208
248.1437539610677
200.44222279489745
200.5892329345531
223.7214911141727
193.9953275316926
233.79969001199314
214.40375365493455
223.72528572319368
188.26687526167166
217.20951727701123
199.37025316455694
194.4829113924051
193.54683544303793
164.19246118351316
179.61234688703664
201.83260716795502
196.0442726633872
156.55583489161992
162.26068072082245
149.67616741809914
179.26036542515814
156.28468025298667
154.16630758693157
123.58759885070765
123.41735769501052
115.2416249321722
125.32531645569621
120.95981230527143
107.64396988152022
122.76874849889253
136.86902781607762
135.70970627218304
127.77326046796075
134.92431460591177
144.22518836119093
154.5693391568891
173.23498644338125
195.6030415590168
190.1692847124825
186.30194097799307
208.69649614576034
174.28777582409376
227.74876043170627
206.55800210526107
196.40707569606798
199.31954552191579
199.29894810659187
197.85877286484094
186.39909337860783
132.7623729238946
116.19476179227874
116.92209640510814
96.29368863955119
96.72819074333802
88.06661991584852
78.59319775596073
