60.97861150070126
71.26075145788737
60.563132022471905
50.551685393258424
48.56959269662921
44.72801966292135
43.25435393258427
36.88609550561798
49.85912921348314
39.853370786516855
38.822823033707856
47.21500173711181
43.27212078651686
28.338623595505624
41.96952247191011
34.354269786857984
31.253164556962027
39.38101265822785
39.47060369324508
40.25840867992767
32.01871921182266
43.92322308233638
49.42828993666432
44.93560872624912
46.61907107670655
57.10492610837439
61.731667839549615
139.02513162720163
173.6335679099226
167.96170664380367
167.86432490936136
210.83734177215192
215.0866661024951
230.57153893806182
246.92983903295058
234.04438575080843
235.04240506329114
243.1020635316545
242.70530469717352
249.8451384744208
247.6437539610677
220.44222279489745
201.5892329345531
212.7214911141727
183.4953275316926
204.29969001199314
232.40375365493455
226.22528572319368
210.76687526167166
200.20951727701123
205.37025316455694
164.9829113924051
201.54683544303793
180.19246118351316
177.61234688703664
165.83260716795502
173.0442726633872
167.05583489161992
162.26068072082245
182.17616741809914
164.26036542515814
157.28468025298667
148.6663075869314
127.08759885070765
119.41735769501052
141.74162493217221
113.32531645569621
112.95981230527143
118.14396988152022
131.76874849889253
118.36902781607763
119.70970627218304
127.27326046796075
122.92431460591176
136.22518836119093
158.0693391568891
150.23498644338125
196.1030415590168
169.6692847124825
174.30194097799307
196.69649614576034
217.28777582409376
212.74876043170627
238.05800210526107
179.90707569606798
184.31954552191579
177.29894810659187
186.85877286484094
167.39909337860783
158.2623729238946
128.69476179227874
102.92209640510814
113.79368863955119
99.72819074333802
84.06661991584852
67.59319775596073
