81.97861150070126
57.260751457887366
54.563132022471905
50.551685393258424
48.56959269662921
52.22801966292135
52.75435393258427
53.38609550561798
42.85912921348314
51.853370786516855
45.322823033707856
36.71500173711181
40.27212078651686
32.838623595505624
36.96952247191011
42.854269786857984
41.75316455696203
29.881012658227853
39.97060369324508
44.25840867992767
33.01871921182266
39.42322308233638
46.92828993666432
41.93560872624912
49.61907107670655
45.60492610837439
69.73166783954962
139.52513162720163
140.1335679099226
148.96170664380367
202.86432490936136
221.33734177215192
211.0866661024951
258.07153893806185
250.42983903295058
239.04438575080843
237.04240506329114
225.6020635316545
210.20530469717352
244.3451384744208
245.1437539610677
227.44222279489745
222.5892329345531
229.7214911141727
223.4953275316926
223.79969001199314
193.40375365493455
197.22528572319368
211.26687526167166
205.20951727701123
201.87025316455694
198.9829113924051
185.04683544303793
168.69246118351316
165.61234688703664
205.83260716795502
173.5442726633872
198.55583489161992
169.76068072082245
176.67616741809914
177.26036542515814
159.28468025298667
135.66630758693105
142.58759885070765
122.91735769501052
121.7416249321722
142.82531645569622
119.45981230527143
113.14396988152022
111.26874849889253
122.86902781607763
139.70970627218304
135.27326046796077
118.42431460591176
152.72518836119093
170.5693391568891
147.73498644338125
192.1030415590168
174.1692847124825
188.80194097799307
188.69649614576034
208.78777582409376
219.24876043170627
191.05800210526107
220.40707569606798
208.31954552191579
197.79894810659187
194.85877286484094
167.39909337860783
167.2623729238946
114.19476179227874
130.92209640510814
119.29368863955119
106.72819074333802
77.56661991584852
77.59319775596073
