63.47861150070126
72.26075145788737
57.063132022471905
58.551685393258424
63.06959269662921
57.22801966292135
48.75435393258427
45.88609550561798
45.85912921348314
52.353370786516855
48.822823033707856
33.21500173711181
30.772120786516858
37.338623595505624
37.46952247191011
30.85426978685798
39.75316455696203
30.881012658227853
42.47060369324508
46.25840867992767
46.51871921182266
36.42322308233638
35.42828993666432
43.93560872624912
39.61907107670655
60.10492610837439
63.731667839549615
123.02513162720163
136.6335679099226
177.96170664380367
163.86432490936136
208.83734177215192
210.5866661024951
208.57153893806182
239.42983903295058
252.04438575080843
215.04240506329114
250.1020635316545
231.20530469717352
215.8451384744208
248.1437539610677
208.94222279489745
212.5892329345531
232.2214911141727
233.9953275316926
236.79969001199314
218.90375365493455
219.22528572319368
186.76687526167166
204.70951727701123
215.37025316455694
183.9829113924051
174.04683544303793
204.69246118351316
184.61234688703664
187.33260716795502
202.0442726633872
164.55583489161992
156.26068072082245
171.67616741809914
176.26036542515814
160.28468025298667
139.66630758693117
129.08759885070765
124.41735769501052
120.7416249321722
120.32531645569621
121.95981230527143
115.64396988152022
119.26874849889253
116.36902781607763
134.20970627218304
116.77326046796075
143.42431460591177
131.22518836119093
152.5693391568891
171.73498644338125
199.1030415590168
192.1692847124825
160.30194097799307
192.19649614576034
212.28777582409376
213.74876043170627
228.55800210526107
213.40707569606798
169.81954552191579
196.79894810659187
161.35877286484094
181.89909337860783
149.2623729238946
115.19476179227874
124.92209640510814
96.29368863955119
106.22819074333802
91.56661991584852
84.09319775596073
