65.97861150070126
72.76075145788737
68.0631320224719
62.551685393258424
49.56959269662921
43.22801966292135
45.75435393258427
51.38609550561798
37.35912921348314
49.353370786516855
33.822823033707856
35.21500173711181
34.77212078651686
41.838623595505624
32.46952247191011
33.854269786857984
36.25316455696203
34.88101265822785
41.97060369324508
44.75840867992767
41.01871921182266
51.42322308233638
43.42828993666432
48.93560872624912
53.11907107670655
44.10492610837439
80.73166783954962
136.52513162720163
171.1335679099226
160.96170664380367
207.86432490936136
214.83734177215192
213.0866661024951
253.07153893806182
251.42983903295058
247.04438575080843
206.04240506329114
211.1020635316545
222.20530469717352
209.8451384744208
205.1437539610677
205.94222279489745
223.5892329345531
234.2214911141727
214.9953275316926
204.29969001199314
221.90375365493455
227.22528572319368
222.76687526167166
189.70951727701123
209.37025316455694
180.9829113924051
206.54683544303793
180.19246118351316
203.61234688703664
177.33260716795502
182.5442726633872
192.05583489161992
163.26068072082245
182.67616741809914
164.26036542515814
160.78468025298667
147.6663075869314
129.58759885070765
130.41735769501054
119.2416249321722
111.82531645569621
121.45981230527143
132.1439698815202
130.26874849889253
120.86902781607763
111.70970627218304
137.27326046796077
114.42431460591176
144.22518836119093
132.5693391568891
182.73498644338125
173.1030415590168
205.1692847124825
190.30194097799307
196.69649614576034
215.78777582409376
194.24876043170627
197.05800210526107
229.40707569606798
210.31954552191579
179.29894810659187
166.85877286484094
163.39909337860783
155.7623729238946
115.19476179227874
129.92209640510814
115.79368863955119
83.22819074333802
76.06661991584852
90.59319775596073
