80.47861150070126
70.76075145788737
51.563132022471905
59.551685393258424
54.06959269662921
56.22801966292135
55.75435393258427
49.88609550561798
44.35912921348314
52.853370786516855
42.822823033707856
42.71500173711181
34.77212078651686
43.338623595505624
35.46952247191011
32.354269786857984
46.25316455696203
30.381012658227853
38.97060369324508
47.75840867992767
44.01871921182266
46.42322308233638
40.92828993666432
47.43560872624912
48.61907107670655
59.10492610837439
75.23166783954962
127.52513162720163
167.6335679099226
150.46170664380367
203.86432490936136
196.83734177215192
224.0866661024951
246.57153893806182
220.42983903295058
235.04438575080843
221.54240506329114
216.6020635316545
228.20530469717352
214.8451384744208
248.6437539610677
218.44222279489745
232.5892329345531
232.7214911141727
224.4953275316926
195.29969001199314
216.90375365493455
194.22528572319368
222.26687526167166
194.70951727701123
203.37025316455694
193.9829113924051
203.54683544303793
181.19246118351316
163.61234688703664
209.33260716795502
166.0442726633872
164.55583489161992
176.26068072082245
169.17616741809914
154.26036542515814
158.28468025298667
132.66630758693094
125.58759885070765
127.91735769501052
135.24162493217221
132.32531645569622
123.95981230527143
118.14396988152022
128.76874849889253
137.86902781607762
128.20970627218304
126.27326046796075
143.42431460591177
156.72518836119093
138.5693391568891
180.23498644338125
169.1030415590168
167.6692847124825
183.30194097799307
169.19649614576034
213.28777582409376
186.74876043170627
217.05800210526107
215.90707569606798
195.81954552191579
167.79894810659187
176.85877286484094
174.39909337860783
145.7623729238946
138.19476179227874
101.92209640510814
110.79368863955119
92.22819074333802
76.06661991584852
74.09319775596073
