60.97861150070126
74.76075145788737
53.063132022471905
65.05168539325842
46.56959269662921
53.72801966292135
53.25435393258427
49.88609550561798
41.85912921348314
49.853370786516855
49.822823033707856
46.71500173711181
31.272120786516858
35.838623595505624
39.96952247191011
43.854269786857984
45.25316455696203
40.38101265822785
35.97060369324508
33.25840867992767
49.01871921182266
39.92322308233638
45.92828993666432
40.43560872624912
37.11907107670655
42.10492610837439
82.23166783954962
122.52513162720163
148.1335679099226
186.96170664380367
174.36432490936136
217.83734177215192
248.5866661024951
209.07153893806182
230.42983903295058
204.04438575080843
252.54240506329114
246.6020635316545
252.70530469717352
241.3451384744208
245.1437539610677
235.44222279489745
233.5892329345531
201.7214911141727
188.4953275316926
202.79969001199314
216.90375365493455
188.22528572319368
192.26687526167166
179.20951727701123
182.87025316455694
181.9829113924051
171.04683544303793
175.69246118351316
175.61234688703664
168.83260716795502
201.5442726633872
168.55583489161992
158.76068072082245
163.67616741809914
143.76036542515814
163.78468025298667
132.66630758693094
120.58759885070765
152.41735769501054
134.24162493217221
120.82531645569621
130.45981230527144
139.1439698815202
113.26874849889253
138.86902781607762
129.70970627218304
141.27326046796077
118.42431460591176
121.72518836119094
133.0693391568891
170.23498644338125
184.6030415590168
187.1692847124825
197.30194097799307
194.19649614576034
199.28777582409376
191.74876043170627
207.05800210526107
200.90707569606798
191.81954552191579
189.29894810659187
165.85877286484094
179.39909337860783
151.2623729238946
137.69476179227874
124.42209640510814
96.79368863955119
104.22819074333802
96.06661991584852
88.09319775596073
