79.47861150070126
61.260751457887366
56.563132022471905
47.551685393258424
45.56959269662921
45.22801966292135
44.25435393258427
45.38609550561798
52.35912921348314
43.353370786516855
37.822823033707856
48.71500173711181
44.77212078651686
43.338623595505624
40.96952247191011
34.354269786857984
36.75316455696203
42.88101265822785
44.97060369324508
40.75840867992767
47.01871921182266
39.92322308233638
38.42828993666432
49.43560872624912
36.61907107670655
46.10492610837439
73.23166783954962
118.52513162720163
140.1335679099226
179.96170664380367
162.36432490936136
198.83734177215192
211.0866661024951
262.57153893806185
235.42983903295058
235.04438575080843
225.54240506329114
248.1020635316545
220.20530469717352
243.3451384744208
237.1437539610677
216.44222279489745
221.0892329345531
202.7214911141727
193.9953275316926
197.29969001199314
220.40375365493455
210.72528572319368
205.76687526167166
195.70951727701123
208.37025316455694
172.4829113924051
190.54683544303793
196.69246118351316
202.61234688703664
194.33260716795502
184.5442726633872
180.05583489161992
152.76068072082245
184.17616741809914
167.76036542515814
164.78468025298667
156.66630758693162
121.08759885070765
136.91735769501054
124.2416249321722
117.82531645569621
128.45981230527144
112.64396988152022
140.76874849889253
139.86902781607762
122.70970627218304
139.27326046796077
130.42431460591177
157.22518836119093
137.5693391568891
179.23498644338125
163.1030415590168
198.6692847124825
163.30194097799307
171.19649614576034
185.28777582409376
180.74876043170627
223.05800210526107
206.90707569606798
208.31954552191579
171.29894810659187
165.85877286484094
166.39909337860783
137.2623729238946
138.69476179227874
116.42209640510814
92.79368863955119
99.72819074333802
83.06661991584852
71.59319775596073
