70.97861150070126
57.760751457887366
55.063132022471905
64.55168539325842
51.56959269662921
56.22801966292135
41.75435393258427
51.38609550561798
41.35912921348314
53.353370786516855
48.322823033707856
43.21500173711181
39.77212078651686
28.338623595505624
40.96952247191011
38.354269786857984
37.25316455696203
38.38101265822785
36.47060369324508
36.75840867992767
46.51871921182266
38.42322308233638
44.92828993666432
41.43560872624912
37.11907107670655
61.10492610837439
72.23166783954962
116.52513162720163
162.6335679099226
151.96170664380367
162.86432490936136
184.33734177215192
213.0866661024951
220.07153893806182
209.42983903295058
241.04438575080843
244.54240506329114
244.1020635316545
209.20530469717352
210.8451384744208
204.1437539610677
205.44222279489745
228.5892329345531
203.2214911141727
212.9953275316926
230.79969001199314
192.40375365493455
216.22528572319368
188.26687526167166
205.70951727701123
201.37025316455694
210.9829113924051
205.04683544303793
194.19246118351316
167.61234688703664
188.83260716795502
187.5442726633872
169.55583489161992
169.76068072082245
168.67616741809914
177.26036542515814
141.78468025298667
132.16630758693094
129.08759885070765
130.41735769501054
120.7416249321722
114.32531645569621
120.95981230527143
109.14396988152022
142.26874849889253
117.86902781607763
133.20970627218304
135.27326046796077
118.92431460591176
123.72518836119094
159.0693391568891
172.73498644338125
197.1030415590168
161.6692847124825
196.80194097799307
179.69649614576034
174.28777582409376
219.74876043170627
211.05800210526107
216.40707569606798
185.81954552191579
177.79894810659187
184.85877286484094
165.39909337860783
162.2623729238946
122.69476179227874
133.92209640510814
116.29368863955119
104.72819074333802
89.06661991584852
78.09319775596073
