79.97861150070126
67.76075145788737
66.5631320224719
59.051685393258424
58.56959269662921
45.72801966292135
50.25435393258427
53.38609550561798
36.85912921348314
38.853370786516855
33.322823033707856
39.71500173711181
43.27212078651686
32.838623595505624
40.96952247191011
34.354269786857984
44.75316455696203
35.38101265822785
36.47060369324508
41.25840867992767
33.01871921182266
38.42322308233638
49.92828993666432
35.93560872624912
53.61907107670655
56.60492610837439
65.23166783954962
116.52513162720163
173.1335679099226
169.46170664380367
186.36432490936136
206.83734177215192
252.5866661024951
226.57153893806182
226.42983903295058
247.54438575080843
257.04240506329114
237.1020635316545
247.70530469717352
241.3451384744208
208.6437539610677
231.44222279489745
202.5892329345531
218.7214911141727
227.9953275316926
223.29969001199314
236.40375365493455
206.72528572319368
211.76687526167166
215.20951727701123
179.87025316455694
168.4829113924051
175.04683544303793
201.69246118351316
179.61234688703664
186.33260716795502
179.5442726633872
186.05583489161992
188.26068072082245
164.67616741809914
143.26036542515814
148.78468025298667
145.1663075869313
155.58759885070765
154.41735769501054
115.7416249321722
130.82531645569622
125.45981230527143
131.1439698815202
138.26874849889253
108.86902781607763
121.70970627218304
115.77326046796075
115.42431460591176
148.22518836119093
157.5693391568891
146.73498644338125
159.1030415590168
178.1692847124825
181.80194097799307
209.69649614576034
206.78777582409376
206.74876043170627
195.05800210526107
202.90707569606798
193.81954552191579
190.79894810659187
184.35877286484094
183.89909337860783
162.7623729238946
139.19476179227874
118.42209640510814
105.79368863955119
106.22819074333802
98.06661991584852
87.09319775596073
