76.47861150070126
70.26075145788737
69.5631320224719
52.551685393258424
56.06959269662921
49.72801966292135
41.75435393258427
54.88609550561798
39.35912921348314
46.853370786516855
45.822823033707856
36.71500173711181
43.77212078651686
40.838623595505624
41.96952247191011
31.85426978685798
33.25316455696203
29.881012658227853
46.97060369324508
34.75840867992767
41.51871921182266
47.92322308233638
46.92828993666432
45.93560872624912
41.61907107670655
50.60492610837439
76.23166783954962
125.52513162720163
136.1335679099226
170.46170664380367
205.36432490936136
222.33734177215192
241.5866661024951
263.07153893806185
224.92983903295058
232.54438575080843
248.04240506329114
225.6020635316545
215.20530469717352
244.3451384744208
245.1437539610677
212.44222279489745
207.5892329345531
199.2214911141727
193.4953275316926
224.79969001199314
203.90375365493455
197.72528572319368
210.76687526167166
220.20951727701123
176.37025316455694
196.4829113924051
172.04683544303793
203.69246118351316
180.11234688703664
174.33260716795502
175.5442726633872
162.05583489161992
152.76068072082245
186.17616741809914
181.26036542515814
161.78468025298667
156.66630758693162
140.58759885070765
137.91735769501054
112.2416249321722
113.82531645569621
121.95981230527143
122.14396988152022
118.76874849889253
140.36902781607762
143.20970627218304
126.27326046796075
121.92431460591176
153.72518836119093
144.5693391568891
151.23498644338125
188.6030415590168
198.6692847124825
195.30194097799307
203.69649614576034
191.28777582409376
188.24876043170627
214.55800210526107
195.90707569606798
189.31954552191579
170.29894810659187
160.85877286484094
168.39909337860783
153.2623729238946
124.69476179227874
118.42209640510814
114.29368863955119
84.22819074333802
88.06661991584852
67.59319775596073
