81.47861150070126
61.760751457887366
67.0631320224719
62.551685393258424
45.56959269662921
42.22801966292135
44.25435393258427
53.38609550561798
48.85912921348314
42.853370786516855
43.822823033707856
45.71500173711181
35.77212078651686
29.838623595505624
31.46952247191011
34.854269786857984
34.25316455696203
43.88101265822785
43.47060369324508
37.25840867992767
33.01871921182266
48.92322308233638
50.42828993666432
38.43560872624912
51.61907107670655
47.60492610837439
63.731667839549615
137.02513162720163
143.6335679099226
172.96170664380367
194.86432490936136
196.83734177215192
238.5866661024951
236.07153893806182
204.42983903295058
219.04438575080843
229.54240506329114
214.1020635316545
218.20530469717352
230.8451384744208
228.6437539610677
229.44222279489745
190.5892329345531
205.7214911141727
204.9953275316926
220.29969001199314
199.90375365493455
191.22528572319368
200.76687526167166
207.70951727701123
195.87025316455694
193.4829113924051
177.54683544303793
189.19246118351316
164.11234688703664
184.33260716795502
164.0442726633872
176.55583489161992
148.76068072082245
156.67616741809914
152.26036542515814
134.28468025298667
159.66630758693174
130.08759885070765
136.41735769501054
131.24162493217221
120.82531645569621
119.95981230527143
138.6439698815202
139.76874849889253
124.36902781607763
120.20970627218304
128.77326046796077
121.92431460591176
145.22518836119093
150.0693391568891
166.23498644338125
197.1030415590168
167.1692847124825
193.30194097799307
174.69649614576034
218.78777582409376
188.24876043170627
205.55800210526107
209.90707569606798
182.81954552191579
189.29894810659187
196.85877286484094
187.89909337860783
163.7623729238946
146.69476179227874
108.92209640510814
118.79368863955119
102.22819074333802
93.06661991584852
79.59319775596073
