79.47861150070126
73.26075145788737
64.5631320224719
54.551685393258424
48.56959269662921
54.72801966292135
49.75435393258427
37.88609550561798
47.35912921348314
43.853370786516855
41.822823033707856
39.21500173711181
31.772120786516858
34.338623595505624
30.46952247191011
28.35426978685798
45.25316455696203
31.381012658227853
43.97060369324508
40.75840867992767
49.01871921182266
49.92322308233638
38.42828993666432
36.43560872624912
53.11907107670655
43.10492610837439
68.23166783954962
113.02513162720163
166.6335679099226
179.96170664380367
190.36432490936136
186.83734177215192
212.5866661024951
238.57153893806182
235.42983903295058
249.04438575080843
250.04240506329114
212.1020635316545
217.20530469717352
231.3451384744208
224.6437539610677
233.44222279489745
233.5892329345531
230.2214911141727
202.9953275316926
232.79969001199314
225.40375365493455
195.22528572319368
218.76687526167166
178.20951727701123
200.87025316455694
176.9829113924051
199.04683544303793
189.19246118351316
209.11234688703664
172.83260716795502
175.5442726633872
184.55583489161992
159.26068072082245
151.17616741809914
168.26036542515814
138.78468025298667
152.1663075869315
131.58759885070765
128.91735769501054
122.2416249321722
122.82531645569621
134.45981230527144
119.14396988152022
142.76874849889253
113.86902781607763
125.20970627218304
128.27326046796077
137.42431460591177
125.22518836119094
136.0693391568891
173.73498644338125
163.6030415590168
183.6692847124825
164.30194097799307
206.69649614576034
194.28777582409376
190.74876043170627
218.55800210526107
228.90707569606798
169.81954552191579
171.29894810659187
171.85877286484094
154.39909337860783
159.7623729238946
118.69476179227874
125.42209640510814
98.79368863955119
83.22819074333802
87.06661991584852
78.09319775596073
