65.47861150070126
54.760751457887366
61.563132022471905
57.551685393258424
63.56959269662921
43.72801966292135
47.75435393258427
51.38609550561798
38.35912921348314
48.353370786516855
45.822823033707856
32.21500173711181
45.77212078651686
38.338623595505624
31.46952247191011
32.854269786857984
39.75316455696203
35.38101265822785
31.47060369324508
45.75840867992767
46.51871921182266
48.92322308233638
33.92828993666432
48.93560872624912
50.11907107670655
52.10492610837439
73.73166783954962
114.52513162720163
147.1335679099226
148.46170664380367
176.36432490936136
199.83734177215192
245.5866661024951
231.07153893806182
251.92983903295058
217.54438575080843
256.04240506329114
244.6020635316545
226.70530469717352
213.3451384744208
213.1437539610677
198.94222279489745
197.5892329345531
230.7214911141727
195.4953275316926
222.79969001199314
193.40375365493455
221.22528572319368
221.76687526167166
192.20951727701123
194.87025316455694
209.4829113924051
193.54683544303793
189.19246118351316
176.11234688703664
182.33260716795502
179.5442726633872
161.55583489161992
165.26068072082245
155.17616741809914
148.26036542515814
146.28468025298667
158.66630758693168
155.08759885070765
131.91735769501054
130.24162493217221
135.82531645569622
118.45981230527143
110.14396988152022
109.26874849889253
130.36902781607762
125.70970627218304
149.27326046796077
133.92431460591177
155.72518836119093
133.5693391568891
181.23498644338125
191.1030415590168
165.6692847124825
184.30194097799307
205.19649614576034
173.78777582409376
207.74876043170627
220.05800210526107
226.40707569606798
165.31954552191579
206.29894810659187
170.85877286484094
163.89909337860783
156.2623729238946
143.69476179227874
104.42209640510814
101.79368863955119
82.22819074333802
94.56661991584852
70.09319775596073
