65.47861150070126
72.76075145788737
66.0631320224719
48.051685393258424
58.56959269662921
58.22801966292135
51.25435393258427
41.88609550561798
40.85912921348314
44.853370786516855
35.822823033707856
48.21500173711181
44.77212078651686
41.838623595505624
41.96952247191011
42.854269786857984
30.253164556962027
40.88101265822785
41.97060369324508
48.25840867992767
38.51871921182266
36.92322308233638
43.42828993666432
36.43560872624912
48.61907107670655
58.60492610837439
74.73166783954962
139.02513162720163
148.1335679099226
146.96170664380367
195.86432490936136
217.83734177215192
220.5866661024951
234.57153893806182
254.42983903295058
250.54438575080843
247.54240506329114
226.6020635316545
210.70530469717352
203.8451384744208
210.6437539610677
242.44222279489745
206.0892329345531
235.2214911141727
210.4953275316926
220.29969001199314
226.90375365493455
196.72528572319368
193.26687526167166
193.20951727701123
193.37025316455694
173.4829113924051
190.54683544303793
188.69246118351316
186.61234688703664
197.83260716795502
195.0442726633872
165.05583489161992
177.76068072082245
161.67616741809914
171.26036542515814
169.28468025298667
164.16630758693185
127.58759885070765
148.41735769501054
144.24162493217221
134.82531645569622
108.45981230527143
135.6439698815202
109.76874849889253
119.36902781607763
114.20970627218304
125.77326046796075
129.92431460591177
135.72518836119093
136.0693391568891
160.23498644338125
181.6030415590168
192.1692847124825
199.80194097799307
207.69649614576034
193.28777582409376
185.74876043170627
221.55800210526107
200.90707569606798
181.31954552191579
193.29894810659187
179.35877286484094
173.89909337860783
139.2623729238946
117.19476179227874
107.42209640510814
99.79368863955119
90.72819074333802
98.06661991584852
90.09319775596073
