69.47861150070126
72.26075145788737
59.063132022471905
58.551685393258424
58.06959269662921
58.22801966292135
41.75435393258427
37.38609550561798
35.85912921348314
35.853370786516855
36.322823033707856
45.21500173711181
36.27212078651686
41.338623595505624
31.46952247191011
31.35426978685798
30.753164556962027
33.38101265822785
35.97060369324508
32.75840867992767
32.01871921182266
43.42322308233638
49.42828993666432
50.43560872624912
54.11907107670655
48.60492610837439
67.23166783954962
127.02513162720163
148.1335679099226
186.96170664380367
204.36432490936136
222.83734177215192
248.0866661024951
224.57153893806182
227.42983903295058
233.54438575080843
250.04240506329114
217.6020635316545
263.2053046971735
226.8451384744208
249.1437539610677
244.44222279489745
239.0892329345531
185.2214911141727
197.9953275316926
210.79969001199314
209.40375365493455
185.72528572319368
180.26687526167166
187.20951727701123
182.87025316455694
168.4829113924051
173.04683544303793
174.19246118351316
172.11234688703664
163.83260716795502
181.5442726633872
190.55583489161992
157.26068072082245
150.17616741809914
144.26036542515814
147.78468025298667
144.16630758693128
156.58759885070765
145.91735769501054
120.7416249321722
142.82531645569622
124.45981230527143
129.6439698815202
126.26874849889253
111.36902781607763
111.70970627218304
124.27326046796075
130.92431460591177
150.22518836119093
167.5693391568891
171.73498644338125
173.6030415590168
169.1692847124825
156.80194097799307
176.19649614576034
208.28777582409376
188.74876043170627
210.05800210526107
185.40707569606798
180.81954552191579
206.29894810659187
182.85877286484094
184.89909337860783
142.2623729238946
133.19476179227874
114.92209640510814
108.79368863955119
109.22819074333802
81.06661991584852
85.09319775596073
