65.97861150070126
56.760751457887366
70.5631320224719
62.551685393258424
58.06959269662921
48.22801966292135
54.25435393258427
52.88609550561798
44.35912921348314
51.853370786516855
34.322823033707856
40.71500173711181
38.77212078651686
35.838623595505624
36.46952247191011
28.85426978685798
35.25316455696203
42.88101265822785
44.47060369324508
40.25840867992767
47.51871921182266
44.42322308233638
42.42828993666432
38.43560872624912
37.61907107670655
42.60492610837439
84.23166783954962
136.02513162720163
159.6335679099226
176.46170664380367
164.86432490936136
199.33734177215192
201.5866661024951
218.57153893806182
204.92983903295058
225.04438575080843
234.54240506329114
208.6020635316545
244.20530469717352
209.8451384744208
238.1437539610677
196.44222279489745
197.5892329345531
203.2214911141727
230.9953275316926
211.29969001199314
236.90375365493455
209.72528572319368
198.26687526167166
217.70951727701123
208.37025316455694
165.4829113924051
181.04683544303793
174.69246118351316
197.11234688703664
171.33260716795502
189.0442726633872
188.55583489161992
165.76068072082245
154.17616741809914
183.26036542515814
147.28468025298667
143.16630758693125
150.08759885070765
139.91735769501054
123.7416249321722
127.82531645569621
131.95981230527144
136.1439698815202
129.76874849889253
108.86902781607763
127.70970627218304
140.77326046796077
129.92431460591177
153.22518836119093
163.0693391568891
155.23498644338125
188.1030415590168
193.6692847124825
168.80194097799307
189.19649614576034
182.78777582409376
199.24876043170627
199.55800210526107
191.40707569606798
201.31954552191579
187.29894810659187
172.35877286484094
161.89909337860783
165.2623729238946
130.69476179227874
127.92209640510814
102.29368863955119
102.22819074333802
83.56661991584852
78.09319775596073
