80.97861150070126
54.760751457887366
61.063132022471905
63.551685393258424
52.56959269662921
48.22801966292135
43.25435393258427
41.88609550561798
36.85912921348314
44.353370786516855
35.822823033707856
33.21500173711181
31.272120786516858
42.838623595505624
34.96952247191011
31.35426978685798
43.75316455696203
32.88101265822785
44.97060369324508
46.25840867992767
39.01871921182266
37.92322308233638
46.92828993666432
50.93560872624912
36.61907107670655
61.10492610837439
83.73166783954962
119.02513162720163
159.1335679099226
168.46170664380367
176.36432490936136
181.83734177215192
224.5866661024951
231.07153893806182
249.92983903295058
254.54438575080843
237.04240506329114
258.6020635316545
208.20530469717352
208.3451384744208
247.6437539610677
210.94222279489745
208.5892329345531
207.7214911141727
214.4953275316926
209.79969001199314
217.90375365493455
217.22528572319368
228.26687526167166
196.70951727701123
197.37025316455694
209.9829113924051
172.04683544303793
187.69246118351316
173.11234688703664
183.33260716795502
184.0442726633872
179.55583489161992
162.76068072082245
160.17616741809914
145.76036542515814
164.28468025298667
151.6663075869315
154.58759885070765
145.91735769501054
115.7416249321722
141.32531645569622
109.45981230527143
117.64396988152022
117.26874849889253
123.36902781607763
136.70970627218304
138.27326046796077
136.92431460591177
150.22518836119093
149.0693391568891
153.23498644338125
183.6030415590168
180.1692847124825
170.30194097799307
187.19649614576034
210.28777582409376
183.24876043170627
224.05800210526107
201.90707569606798
191.31954552191579
190.29894810659187
191.35877286484094
159.89909337860783
161.7623729238946
145.69476179227874
123.42209640510814
107.29368863955119
95.22819074333802
82.06661991584852
83.59319775596073
