74.47861150070126
54.760751457887366
63.063132022471905
48.551685393258424
45.56959269662921
55.72801966292135
44.25435393258427
38.38609550561798
43.85912921348314
52.353370786516855
47.822823033707856
33.21500173711181
30.772120786516858
43.338623595505624
38.96952247191011
40.354269786857984
33.75316455696203
43.38101265822785
38.47060369324508
45.25840867992767
39.01871921182266
38.92322308233638
50.42828993666432
49.93560872624912
45.11907107670655
60.10492610837439
82.23166783954962
140.52513162720163
135.6335679099226
168.96170664380367
208.36432490936136
208.83734177215192
202.5866661024951
263.57153893806185
241.92983903295058
205.54438575080843
219.04240506329114
258.6020635316545
228.70530469717352
246.3451384744208
231.6437539610677
195.44222279489745
206.0892329345531
217.2214911141727
202.9953275316926
218.29969001199314
213.90375365493455
232.72528572319368
221.26687526167166
191.70951727701123
179.37025316455694
198.9829113924051
178.04683544303793
164.69246118351316
177.61234688703664
189.33260716795502
172.5442726633872
190.05583489161992
154.26068072082245
164.67616741809914
175.26036542515814
138.28468025298667
154.66630758693157
140.08759885070765
134.91735769501054
113.2416249321722
136.32531645569622
140.45981230527144
108.64396988152022
122.76874849889253
115.36902781607763
135.70970627218304
114.77326046796075
126.42431460591176
146.72518836119093
155.5693391568891
175.73498644338125
196.6030415590168
207.1692847124825
172.30194097799307
176.19649614576034
173.28777582409376
217.24876043170627
193.05800210526107
204.40707569606798
174.81954552191579
199.29894810659187
197.35877286484094
186.89909337860783
152.2623729238946
134.69476179227874
115.92209640510814
105.29368863955119
84.72819074333802
87.56661991584852
85.09319775596073
