64.47861150070126
53.760751457887366
56.063132022471905
51.551685393258424
51.06959269662921
57.22801966292135
39.25435393258427
45.88609550561798
43.35912921348314
47.353370786516855
43.822823033707856
39.21500173711181
34.77212078651686
32.838623595505624
32.96952247191011
38.354269786857984
38.75316455696203
45.38101265822785
43.97060369324508
36.75840867992767
35.51871921182266
43.92322308233638
46.42828993666432
43.43560872624912
47.61907107670655
53.60492610837439
62.231667839549615
120.52513162720163
153.1335679099226
155.46170664380367
191.86432490936136
191.83734177215192
211.5866661024951
210.07153893806182
221.92983903295058
257.04438575080843
253.54240506329114
204.1020635316545
255.20530469717352
215.8451384744208
247.1437539610677
200.94222279489745
199.0892329345531
228.7214911141727
190.4953275316926
226.79969001199314
234.90375365493455
225.22528572319368
190.76687526167166
215.70951727701123
202.87025316455694
205.4829113924051
191.54683544303793
181.19246118351316
175.61234688703664
208.33260716795502
167.0442726633872
165.55583489161992
167.76068072082245
164.17616741809914
183.76036542515814
154.78468025298667
164.66630758693185
138.58759885070765
148.91735769501054
141.74162493217221
142.32531645569622
133.45981230527144
122.64396988152022
141.76874849889253
138.36902781607762
138.70970627218304
134.27326046796077
137.92431460591177
157.22518836119093
146.5693391568891
184.23498644338125
177.6030415590168
172.6692847124825
191.30194097799307
170.19649614576034
202.78777582409376
209.74876043170627
217.05800210526107
228.90707569606798
179.31954552191579
168.29894810659187
183.35877286484094
153.39909337860783
152.2623729238946
136.19476179227874
121.42209640510814
98.29368863955119
90.22819074333802
87.06661991584852
89.09319775596073
