79.47861150070126
71.76075145788737
68.0631320224719
50.051685393258424
54.06959269662921
50.72801966292135
40.75435393258427
54.38609550561798
51.85912921348314
39.353370786516855
48.322823033707856
33.71500173711181
40.27212078651686
35.838623595505624
37.96952247191011
44.354269786857984
41.25316455696203
32.88101265822785
42.97060369324508
44.75840867992767
45.01871921182266
41.42322308233638
50.42828993666432
50.93560872624912
53.11907107670655
42.60492610837439
65.23166783954962
110.52513162720163
152.1335679099226
172.46170664380367
188.36432490936136
202.33734177215192
230.5866661024951
249.57153893806182
229.42983903295058
247.04438575080843
226.04240506329114
221.1020635316545
254.70530469717352
223.3451384744208
223.6437539610677
236.44222279489745
229.5892329345531
205.7214911141727
195.4953275316926
219.29969001199314
207.40375365493455
193.72528572319368
214.76687526167166
215.20951727701123
212.37025316455694
177.9829113924051
197.04683544303793
200.69246118351316
195.61234688703664
203.33260716795502
175.0442726633872
179.05583489161992
168.26068072082245
155.67616741809914
162.26036542515814
161.28468025298667
129.66630758693088
152.08759885070765
139.91735769501054
142.74162493217221
120.32531645569621
122.95981230527143
135.6439698815202
119.26874849889253
118.86902781607763
115.70970627218304
144.77326046796077
114.42431460591176
122.72518836119094
161.5693391568891
158.73498644338125
195.1030415590168
206.1692847124825
174.80194097799307
175.19649614576034
179.78777582409376
196.74876043170627
199.55800210526107
201.40707569606798
169.81954552191579
187.79894810659187
168.85877286484094
150.89909337860783
133.2623729238946
125.19476179227874
126.92209640510814
120.79368863955119
108.22819074333802
94.06661991584852
87.09319775596073
