70.47861150070126
57.260751457887366
60.063132022471905
55.551685393258424
50.06959269662921
47.72801966292135
43.25435393258427
48.88609550561798
41.85912921348314
39.853370786516855
42.322823033707856
34.21500173711181
45.77212078651686
29.838623595505624
31.96952247191011
34.854269786857984
32.25316455696203
34.88101265822785
45.97060369324508
47.25840867992767
38.51871921182266
50.92322308233638
50.92828993666432
44.43560872624912
50.61907107670655
44.60492610837439
76.73166783954962
114.52513162720163
163.6335679099226
175.46170664380367
196.86432490936136
190.83734177215192
212.0866661024951
262.57153893806185
250.92983903295058
244.54438575080843
243.04240506329114
222.6020635316545
214.70530469717352
199.8451384744208
233.6437539610677
192.44222279489745
220.5892329345531
226.7214911141727
207.9953275316926
213.29969001199314
202.40375365493455
189.72528572319368
207.76687526167166
175.70951727701123
193.37025316455694
194.9829113924051
171.54683544303793
190.19246118351316
188.11234688703664
197.83260716795502
188.0442726633872
181.55583489161992
165.76068072082245
148.17616741809914
174.76036542515814
161.28468025298667
135.66630758693105
128.58759885070765
130.41735769501054
135.74162493217221
125.32531645569621
124.45981230527143
138.6439698815202
134.26874849889253
116.36902781607763
113.20970627218304
148.27326046796077
145.42431460591177
123.22518836119094
158.0693391568891
153.23498644338125
195.1030415590168
183.1692847124825
169.80194097799307
170.19649614576034
188.78777582409376
194.24876043170627
227.05800210526107
229.40707569606798
191.81954552191579
160.79894810659187
189.35877286484094
157.89909337860783
146.7623729238946
127.19476179227874
114.42209640510814
102.29368863955119
100.72819074333802
99.06661991584852
70.09319775596073
