79.47861150070126
70.26075145788737
56.563132022471905
58.051685393258424
63.06959269662921
56.22801966292135
42.25435393258427
48.88609550561798
50.35912921348314
44.353370786516855
32.822823033707856
42.71500173711181
29.272120786516858
38.338623595505624
37.46952247191011
38.354269786857984
32.75316455696203
34.88101265822785
40.47060369324508
34.25840867992767
44.01871921182266
50.42322308233638
40.92828993666432
38.93560872624912
45.61907107670655
60.60492610837439
81.23166783954962
128.52513162720163
151.1335679099226
184.46170664380367
189.86432490936136
191.83734177215192
231.0866661024951
251.57153893806182
231.42983903295058
234.04438575080843
236.04240506329114
258.6020635316545
211.70530469717352
246.3451384744208
205.1437539610677
211.94222279489745
209.0892329345531
216.2214911141727
186.4953275316926
226.29969001199314
230.90375365493455
198.72528572319368
206.76687526167166
194.70951727701123
208.87025316455694
209.4829113924051
192.04683544303793
197.19246118351316
195.61234688703664
195.33260716795502
197.5442726633872
164.05583489161992
150.26068072082245
163.67616741809914
167.26036542515814
155.28468025298667
140.16630758693117
142.08759885070765
141.41735769501054
133.24162493217221
117.82531645569621
137.95981230527144
136.6439698815202
133.76874849889253
113.86902781607763
134.20970627218304
135.27326046796077
145.42431460591177
139.22518836119093
149.5693391568891
148.73498644338125
176.6030415590168
169.6692847124825
183.80194097799307
190.69649614576034
189.28777582409376
199.24876043170627
234.05800210526107
218.90707569606798
185.81954552191579
175.79894810659187
179.85877286484094
175.39909337860783
166.2623729238946
122.19476179227874
120.42209640510814
113.29368863955119
96.72819074333802
80.56661991584852
85.09319775596073
