74.97861150070126
57.760751457887366
70.0631320224719
51.051685393258424
57.06959269662921
50.22801966292135
52.75435393258427
43.38609550561798
46.85912921348314
50.353370786516855
34.822823033707856
36.21500173711181
30.272120786516858
30.838623595505624
35.96952247191011
39.354269786857984
43.25316455696203
42.88101265822785
43.97060369324508
33.75840867992767
32.51871921182266
41.42322308233638
40.42828993666432
36.93560872624912
49.61907107670655
47.10492610837439
68.23166783954962
123.52513162720163
141.1335679099226
181.96170664380367
193.86432490936136
210.33734177215192
203.0866661024951
244.07153893806182
202.92983903295058
224.54438575080843
234.54240506329114
238.6020635316545
245.20530469717352
203.8451384744208
235.1437539610677
196.44222279489745
237.0892329345531
191.2214911141727
189.9953275316926
210.79969001199314
220.40375365493455
226.72528572319368
225.26687526167166
212.70951727701123
183.87025316455694
168.4829113924051
199.04683544303793
170.69246118351316
166.61234688703664
185.33260716795502
203.5442726633872
180.55583489161992
168.26068072082245
161.67616741809914
178.76036542515814
166.78468025298667
162.6663075869318
154.08759885070765
119.91735769501052
129.74162493217221
130.32531645569622
132.45981230527144
124.64396988152022
113.26874849889253
113.86902781607763
134.70970627218304
140.77326046796077
143.92431460591177
140.22518836119093
142.0693391568891
173.23498644338125
191.1030415590168
188.6692847124825
158.30194097799307
193.69649614576034
217.78777582409376
211.74876043170627
205.05800210526107
191.40707569606798
210.31954552191579
184.29894810659187
164.85877286484094
165.39909337860783
138.7623729238946
125.69476179227874
118.42209640510814
114.29368863955119
84.22819074333802
96.56661991584852
79.59319775596073
