74.47861150070126
53.260751457887366
64.5631320224719
53.551685393258424
56.56959269662921
45.22801966292135
50.25435393258427
37.38609550561798
50.85912921348314
45.353370786516855
36.822823033707856
35.71500173711181
30.772120786516858
36.838623595505624
40.46952247191011
32.354269786857984
37.75316455696203
39.88101265822785
43.97060369324508
48.75840867992767
40.51871921182266
41.42322308233638
46.92828993666432
48.93560872624912
44.11907107670655
46.10492610837439
74.23166783954962
134.02513162720163
159.6335679099226
188.46170664380367
205.36432490936136
194.33734177215192
207.5866661024951
216.07153893806182
209.92983903295058
227.04438575080843
255.04240506329114
205.1020635316545
208.70530469717352
226.3451384744208
235.1437539610677
207.44222279489745
219.5892329345531
229.2214911141727
209.4953275316926
187.79969001199314
226.90375365493455
213.72528572319368
205.26687526167166
218.70951727701123
198.37025316455694
208.9829113924051
204.04683544303793
197.69246118351316
193.61234688703664
203.83260716795502
191.0442726633872
175.05583489161992
152.76068072082245
182.67616741809914
146.76036542515814
151.78468025298667
165.16630758693188
121.58759885070765
131.91735769501054
136.24162493217221
115.32531645569621
116.45981230527143
120.14396988152022
143.26874849889253
124.36902781607763
132.20970627218304
119.27326046796075
131.42431460591177
142.72518836119093
161.5693391568891
170.23498644338125
182.1030415590168
175.1692847124825
178.80194097799307
202.69649614576034
210.78777582409376
221.24876043170627
223.55800210526107
206.90707569606798
205.81954552191579
180.79894810659187
173.85877286484094
160.39909337860783
132.7623729238946
128.19476179227874
109.42209640510814
100.29368863955119
89.72819074333802
90.56661991584852
81.09319775596073
