82.47861150070126
55.260751457887366
60.563132022471905
58.051685393258424
60.06959269662921
57.72801966292135
45.25435393258427
39.88609550561798
38.85912921348314
51.353370786516855
44.322823033707856
41.71500173711181
42.27212078651686
36.838623595505624
31.96952247191011
30.85426978685798
37.25316455696203
36.38101265822785
32.47060369324508
48.75840867992767
49.01871921182266
44.92322308233638
42.42828993666432
48.43560872624912
48.61907107670655
42.10492610837439
61.231667839549615
123.02513162720163
171.1335679099226
174.96170664380367
202.86432490936136
212.33734177215192
202.5866661024951
249.07153893806182
247.42983903295058
246.04438575080843
206.54240506329114
234.1020635316545
221.20530469717352
233.8451384744208
204.1437539610677
228.94222279489745
227.0892329345531
194.2214911141727
205.4953275316926
214.79969001199314
186.40375365493455
206.22528572319368
219.26687526167166
206.70951727701123
179.87025316455694
182.4829113924051
179.54683544303793
168.69246118351316
184.61234688703664
205.83260716795502
182.0442726633872
193.05583489161992
184.76068072082245
175.67616741809914
163.76036542515814
172.78468025298667
163.66630758693185
135.58759885070765
137.91735769501054
132.24162493217221
123.82531645569621
124.45981230527143
109.64396988152022
134.76874849889253
130.86902781607762
112.70970627218304
141.77326046796077
118.92431460591176
130.22518836119093
166.5693391568891
151.23498644338125
164.6030415590168
193.6692847124825
187.30194097799307
176.69649614576034
181.28777582409376
185.74876043170627
226.05800210526107
201.40707569606798
204.81954552191579
185.29894810659187
156.85877286484094
160.39909337860783
161.2623729238946
141.19476179227874
118.42209640510814
106.29368863955119
85.72819074333802
83.06661991584852
89.09319775596073
