64.47861150070126
55.260751457887366
61.063132022471905
57.051685393258424
59.06959269662921
56.22801966292135
41.25435393258427
43.38609550561798
40.85912921348314
53.353370786516855
41.822823033707856
47.71500173711181
36.27212078651686
35.338623595505624
39.96952247191011
43.354269786857984
36.25316455696203
44.88101265822785
43.47060369324508
48.25840867992767
34.01871921182266
47.92322308233638
33.92828993666432
42.43560872624912
49.61907107670655
60.60492610837439
81.23166783954962
143.02513162720163
138.6335679099226
164.46170664380367
173.36432490936136
190.33734177215192
251.0866661024951
216.57153893806182
218.42983903295058
247.54438575080843
217.04240506329114
211.6020635316545
212.70530469717352
217.8451384744208
246.1437539610677
233.94222279489745
208.5892329345531
212.7214911141727
231.9953275316926
201.79969001199314
228.90375365493455
188.72528572319368
206.26687526167166
215.20951727701123
182.37025316455694
180.9829113924051
179.54683544303793
165.19246118351316
190.61234688703664
186.33260716795502
192.5442726633872
185.05583489161992
172.76068072082245
147.17616741809914
143.76036542515814
158.78468025298667
155.1663075869316
154.58759885070765
151.41735769501054
142.24162493217221
123.32531645569621
114.45981230527143
135.6439698815202
127.76874849889253
108.86902781607763
135.20970627218304
122.77326046796075
143.42431460591177
147.72518836119093
155.5693391568891
160.23498644338125
168.1030415590168
188.1692847124825
175.80194097799307
176.69649614576034
174.78777582409376
201.74876043170627
201.55800210526107
223.40707569606798
168.81954552191579
181.29894810659187
173.35877286484094
166.89909337860783
161.7623729238946
147.69476179227874
130.42209640510814
105.29368863955119
103.72819074333802
77.06661991584852
86.09319775596073
