68.47861150070126
53.760751457887366
55.563132022471905
51.551685393258424
51.06959269662921
56.72801966292135
41.75435393258427
48.88609550561798
41.85912921348314
42.853370786516855
37.822823033707856
47.71500173711181
29.272120786516858
28.338623595505624
37.46952247191011
34.854269786857984
29.753164556962027
34.38101265822785
31.97060369324508
48.75840867992767
47.01871921182266
51.42322308233638
39.42828993666432
48.43560872624912
53.11907107670655
46.10492610837439
63.231667839549615
130.02513162720163
142.6335679099226
153.96170664380367
184.36432490936136
194.33734177215192
227.5866661024951
242.57153893806182
247.42983903295058
210.04438575080843
219.04240506329114
236.6020635316545
260.7053046971735
236.3451384744208
237.1437539610677
215.94222279489745
189.0892329345531
187.7214911141727
231.9953275316926
190.29969001199314
204.90375365493455
190.22528572319368
225.26687526167166
175.70951727701123
210.87025316455694
195.4829113924051
203.54683544303793
184.69246118351316
170.61234688703664
193.83260716795502
205.0442726633872
195.05583489161992
181.76068072082245
157.17616741809914
158.76036542515814
134.78468025298667
146.66630758693134
130.08759885070765
149.91735769501054
115.2416249321722
135.32531645569622
122.95981230527143
113.64396988152022
116.26874849889253
124.86902781607763
138.70970627218304
117.27326046796075
135.42431460591177
145.72518836119093
168.5693391568891
144.23498644338125
180.1030415590168
175.6692847124825
164.80194097799307
176.19649614576034
197.28777582409376
214.24876043170627
232.55800210526107
185.40707569606798
174.81954552191579
191.79894810659187
196.35877286484094
166.89909337860783
142.7623729238946
136.19476179227874
126.92209640510814
110.79368863955119
103.22819074333802
76.06661991584852
79.09319775596073
