77.47861150070126
67.26075145788737
54.563132022471905
63.051685393258424
51.56959269662921
58.22801966292135
44.25435393258427
45.38609550561798
37.35912921348314
44.853370786516855
35.822823033707856
38.21500173711181
32.77212078651686
40.338623595505624
41.96952247191011
32.854269786857984
32.25316455696203
37.88101265822785
36.47060369324508
35.75840867992767
47.01871921182266
51.42322308233638
40.92828993666432
34.93560872624912
53.61907107670655
47.60492610837439
61.731667839549615
122.52513162720163
151.6335679099226
156.96170664380367
203.36432490936136
202.33734177215192
220.5866661024951
226.57153893806182
232.42983903295058
223.04438575080843
257.04240506329114
217.1020635316545
242.20530469717352
250.3451384744208
228.6437539610677
242.94222279489745
228.0892329345531
209.2214911141727
197.9953275316926
201.29969001199314
234.40375365493455
199.22528572319368
225.76687526167166
180.70951727701123
205.87025316455694
174.4829113924051
190.54683544303793
183.69246118351316
188.11234688703664
196.33260716795502
170.0442726633872
187.05583489161992
160.76068072082245
149.67616741809914
154.26036542515814
141.78468025298667
153.66630758693157
121.08759885070765
131.41735769501054
138.24162493217221
140.32531645569622
124.45981230527143
117.64396988152022
137.26874849889253
111.36902781607763
110.20970627218304
130.27326046796077
143.92431460591177
155.72518836119093
137.0693391568891
166.73498644338125
184.1030415590168
192.1692847124825
188.30194097799307
201.69649614576034
198.28777582409376
226.74876043170627
197.55800210526107
222.40707569606798
210.31954552191579
190.29894810659187
157.85877286484094
179.39909337860783
131.2623729238946
125.69476179227874
111.92209640510814
103.29368863955119
106.72819074333802
84.56661991584852
80.09319775596073
