62.47861150070126
66.76075145788737
61.563132022471905
59.551685393258424
53.56959269662921
56.22801966292135
46.25435393258427
54.88609550561798
39.85912921348314
37.853370786516855
44.822823033707856
47.71500173711181
40.27212078651686
41.838623595505624
43.96952247191011
33.854269786857984
33.75316455696203
29.381012658227853
46.47060369324508
48.75840867992767
33.51871921182266
41.42322308233638
51.42828993666432
35.93560872624912
46.11907107670655
54.10492610837439
72.73166783954962
138.52513162720163
168.1335679099226
161.46170664380367
163.86432490936136
196.83734177215192
216.0866661024951
218.07153893806182
225.42983903295058
241.04438575080843
253.04240506329114
226.6020635316545
211.20530469717352
206.8451384744208
210.1437539610677
230.94222279489745
200.5892329345531
207.2214911141727
209.4953275316926
202.79969001199314
212.40375365493455
201.22528572319368
210.26687526167166
217.20951727701123
168.37025316455694
177.4829113924051
202.54683544303793
165.19246118351316
198.61234688703664
190.83260716795502
207.0442726633872
190.55583489161992
181.26068072082245
164.17616741809914
159.26036542515814
142.78468025298667
134.666307586931
138.58759885070765
118.91735769501052
112.2416249321722
126.82531645569621
112.45981230527143
129.6439698815202
128.26874849889253
112.86902781607763
132.70970627218304
115.27326046796075
133.42431460591177
122.72518836119094
152.5693391568891
156.23498644338125
176.6030415590168
165.1692847124825
160.30194097799307
212.19649614576034
199.78777582409376
213.24876043170627
208.55800210526107
218.40707569606798
174.81954552191579
197.29894810659187
160.35877286484094
174.89909337860783
157.7623729238946
114.19476179227874
122.42209640510814
113.29368863955119
101.22819074333802
94.56661991584852
71.09319775596073
