75.97861150070126
67.26075145788737
61.063132022471905
51.551685393258424
62.56959269662921
46.22801966292135
54.25435393258427
46.88609550561798
49.85912921348314
49.853370786516855
38.322823033707856
39.71500173711181
40.77212078651686
36.338623595505624
43.96952247191011
36.854269786857984
45.75316455696203
44.88101265822785
33.97060369324508
48.75840867992767
32.01871921182266
39.42322308233638
39.42828993666432
41.43560872624912
49.11907107670655
47.10492610837439
73.73166783954962
118.02513162720163
134.1335679099226
173.96170664380367
182.36432490936136
201.33734177215192
218.0866661024951
236.57153893806182
232.42983903295058
255.54438575080843
243.04240506329114
240.6020635316545
240.70530469717352
219.3451384744208
234.6437539610677
215.44222279489745
220.0892329345531
234.2214911141727
198.9953275316926
187.29969001199314
194.90375365493455
228.22528572319368
219.76687526167166
220.70951727701123
189.87025316455694
197.9829113924051
198.54683544303793
171.69246118351316
203.61234688703664
164.33260716795502
162.5442726633872
178.05583489161992
187.76068072082245
164.17616741809914
169.26036542515814
148.28468025298667
134.166307586931
156.08759885070765
143.41735769501054
143.74162493217221
120.32531645569621
127.45981230527143
128.1439698815202
126.76874849889253
113.86902781607763
118.70970627218304
134.77326046796077
132.42431460591177
125.72518836119094
149.0693391568891
179.23498644338125
176.6030415590168
167.6692847124825
197.80194097799307
173.19649614576034
199.78777582409376
223.74876043170627
189.55800210526107
214.40707569606798
186.81954552191579
200.29894810659187
164.35877286484094
168.89909337860783
158.7623729238946
146.19476179227874
109.42209640510814
112.79368863955119
87.72819074333802
81.56661991584852
84.59319775596073
