62.97861150070126
64.76075145788737
64.0631320224719
60.051685393258424
47.56959269662921
59.22801966292135
48.75435393258427
46.38609550561798
43.85912921348314
44.353370786516855
38.822823033707856
35.71500173711181
42.27212078651686
29.338623595505624
39.46952247191011
31.85426978685798
35.25316455696203
42.88101265822785
32.47060369324508
43.75840867992767
39.51871921182266
37.42322308233638
44.42828993666432
46.43560872624912
52.61907107670655
42.60492610837439
75.23166783954962
138.52513162720163
172.1335679099226
152.46170664380367
175.86432490936136
221.83734177215192
233.5866661024951
247.57153893806182
247.92983903295058
232.04438575080843
216.54240506329114
233.6020635316545
251.70530469717352
207.8451384744208
238.6437539610677
237.44222279489745
212.5892329345531
186.2214911141727
190.9953275316926
223.29969001199314
186.90375365493455
192.22528572319368
212.26687526167166
211.70951727701123
195.37025316455694
194.4829113924051
191.04683544303793
204.69246118351316
182.61234688703664
190.83260716795502
185.5442726633872
168.55583489161992
170.76068072082245
165.67616741809914
166.76036542515814
170.28468025298667
163.16630758693182
132.08759885070765
125.91735769501052
143.74162493217221
134.82531645569622
124.95981230527143
110.64396988152022
114.76874849889253
109.86902781607763
110.70970627218304
125.27326046796075
126.92431460591176
153.22518836119093
142.5693391568891
159.23498644338125
168.6030415590168
165.1692847124825
198.80194097799307
193.69649614576034
193.28777582409376
225.24876043170627
224.55800210526107
196.40707569606798
177.31954552191579
184.29894810659187
174.35877286484094
168.89909337860783
159.7623729238946
127.19476179227874
120.42209640510814
102.79368863955119
84.22819074333802
87.56661991584852
86.09319775596073
