76.47861150070126
67.76075145788737
59.063132022471905
57.051685393258424
54.06959269662921
43.22801966292135
52.75435393258427
43.88609550561798
36.35912921348314
43.853370786516855
42.822823033707856
33.71500173711181
33.27212078651686
29.338623595505624
41.96952247191011
35.854269786857984
37.75316455696203
35.38101265822785
35.47060369324508
35.75840867992767
39.51871921182266
39.92322308233638
41.42828993666432
38.43560872624912
43.11907107670655
45.60492610837439
80.73166783954962
110.52513162720163
160.1335679099226
146.46170664380367
205.86432490936136
208.33734177215192
223.0866661024951
259.07153893806185
205.42983903295058
203.04438575080843
213.04240506329114
209.6020635316545
242.70530469717352
253.3451384744208
228.6437539610677
228.94222279489745
239.5892329345531
205.7214911141727
215.9953275316926
194.29969001199314
229.90375365493455
201.22528572319368
200.26687526167166
208.70951727701123
201.87025316455694
188.4829113924051
170.04683544303793
183.69246118351316
186.11234688703664
179.33260716795502
192.5442726633872
183.05583489161992
150.76068072082245
181.67616741809914
161.76036542515814
164.78468025298667
152.1663075869315
141.08759885070765
136.41735769501054
125.7416249321722
122.82531645569621
108.95981230527143
138.1439698815202
134.26874849889253
134.86902781607762
111.20970627218304
139.77326046796077
125.92431460591176
145.72518836119093
133.0693391568891
157.23498644338125
197.1030415590168
206.1692847124825
194.80194097799307
182.69649614576034
215.28777582409376
230.24876043170627
233.05800210526107
184.40707569606798
176.31954552191579
199.79894810659187
187.35877286484094
183.89909337860783
167.7623729238946
124.19476179227874
132.92209640510814
108.79368863955119
98.72819074333802
78.56661991584852
90.09319775596073
