73.47861150070126
64.76075145788737
51.063132022471905
59.551685393258424
55.06959269662921
58.22801966292135
46.25435393258427
54.88609550561798
35.85912921348314
43.853370786516855
40.822823033707856
36.71500173711181
34.77212078651686
40.338623595505624
39.46952247191011
44.354269786857984
38.25316455696203
38.88101265822785
35.97060369324508
36.25840867992767
41.01871921182266
50.92322308233638
49.42828993666432
48.93560872624912
50.11907107670655
46.60492610837439
69.23166783954962
131.52513162720163
163.6335679099226
181.46170664380367
186.36432490936136
202.33734177215192
215.5866661024951
260.07153893806185
218.42983903295058
239.54438575080843
240.54240506329114
237.6020635316545
244.20530469717352
250.3451384744208
202.1437539610677
228.94222279489745
213.5892329345531
227.2214911141727
227.4953275316926
209.79969001199314
220.90375365493455
213.22528572319368
191.76687526167166
216.70951727701123
203.37025316455694
182.9829113924051
196.54683544303793
172.19246118351316
191.11234688703664
199.83260716795502
179.5442726633872
184.55583489161992
170.76068072082245
187.67616741809914
152.76036542515814
162.28468025298667
141.66630758693123
152.08759885070765
123.41735769501052
122.2416249321722
122.82531645569621
116.95981230527143
137.1439698815202
134.76874849889253
106.86902781607763
121.20970627218304
138.77326046796077
138.92431460591177
135.22518836119093
167.5693391568891
161.23498644338125
184.6030415590168
177.6692847124825
161.80194097799307
178.69649614576034
215.78777582409376
206.74876043170627
225.05800210526107
179.90707569606798
208.81954552191579
200.79894810659187
158.85877286484094
149.39909337860783
157.7623729238946
138.69476179227874
125.42209640510814
92.29368863955119
105.72819074333802
80.56661991584852
88.59319775596073
