65.47861150070126
68.26075145788737
51.063132022471905
66.05168539325842
63.56959269662921
43.22801966292135
54.25435393258427
43.38609550561798
36.85912921348314
37.853370786516855
48.822823033707856
45.71500173711181
33.77212078651686
38.838623595505624
35.46952247191011
37.354269786857984
40.25316455696203
30.381012658227853
36.47060369324508
47.75840867992767
41.51871921182266
46.42322308233638
46.42828993666432
45.93560872624912
48.11907107670655
54.60492610837439
76.73166783954962
119.02513162720163
158.6335679099226
148.46170664380367
192.36432490936136
183.83734177215192
227.5866661024951
226.07153893806182
252.92983903295058
217.54438575080843
251.54240506329114
255.6020635316545
208.70530469717352
217.8451384744208
217.1437539610677
222.44222279489745
190.5892329345531
223.7214911141727
222.9953275316926
232.29969001199314
206.40375365493455
200.22528572319368
215.76687526167166
181.20951727701123
189.37025316455694
173.9829113924051
166.04683544303793
193.19246118351316
185.11234688703664
196.83260716795502
185.5442726633872
171.55583489161992
149.76068072082245
167.67616741809914
182.76036542515814
139.78468025298667
144.16630758693128
146.58759885070765
126.91735769501052
144.74162493217221
138.82531645569622
134.95981230527144
133.6439698815202
138.76874849889253
116.36902781607763
121.20970627218304
136.77326046796077
134.92431460591177
151.22518836119093
163.5693391568891
165.73498644338125
194.6030415590168
183.6692847124825
164.30194097799307
169.69649614576034
197.78777582409376
211.24876043170627
212.55800210526107
225.40707569606798
200.31954552191579
164.79894810659187
180.85877286484094
186.89909337860783
150.7623729238946
123.69476179227874
112.42209640510814
111.79368863955119
88.22819074333802
84.56661991584852
68.09319775596073
