74.97861150070126
57.260751457887366
65.5631320224719
56.051685393258424
58.06959269662921
46.72801966292135
41.75435393258427
37.38609550561798
51.85912921348314
41.853370786516855
45.822823033707856
35.71500173711181
38.77212078651686
29.838623595505624
42.46952247191011
41.354269786857984
40.75316455696203
35.88101265822785
45.97060369324508
36.25840867992767
44.51871921182266
45.92322308233638
46.92828993666432
48.93560872624912
37.11907107670655
56.60492610837439
81.73166783954962
118.52513162720163
149.1335679099226
160.46170664380367
171.36432490936136
183.33734177215192
210.0866661024951
218.07153893806182
217.92983903295058
222.04438575080843
217.04240506329114
207.1020635316545
236.20530469717352
220.3451384744208
228.6437539610677
233.44222279489745
203.5892329345531
205.7214911141727
199.4953275316926
219.29969001199314
219.90375365493455
200.22528572319368
199.26687526167166
211.20951727701123
170.37025316455694
184.9829113924051
179.54683544303793
171.19246118351316
171.11234688703664
203.33260716795502
164.0442726633872
180.55583489161992
154.26068072082245
160.67616741809914
173.76036542515814
154.28468025298667
136.16630758693105
138.08759885070765
151.91735769501054
143.24162493217221
129.32531645569622
132.45981230527144
139.1439698815202
134.76874849889253
132.36902781607762
121.70970627218304
129.77326046796077
140.42431460591177
151.22518836119093
170.0693391568891
152.73498644338125
182.6030415590168
183.1692847124825
164.30194097799307
200.69649614576034
175.28777582409376
191.74876043170627
200.55800210526107
184.40707569606798
199.31954552191579
161.29894810659187
166.35877286484094
188.89909337860783
167.7623729238946
127.19476179227874
113.92209640510814
121.29368863955119
84.22819074333802
91.56661991584852
88.09319775596073
