60.47861150070126
72.26075145788737
56.063132022471905
61.551685393258424
47.06959269662921
59.22801966292135
39.75435393258427
41.88609550561798
43.35912921348314
37.353370786516855
38.822823033707856
43.21500173711181
39.77212078651686
35.338623595505624
32.96952247191011
28.85426978685798
39.25316455696203
40.88101265822785
46.97060369324508
36.25840867992767
47.51871921182266
37.92322308233638
41.92828993666432
48.93560872624912
47.61907107670655
50.10492610837439
80.73166783954962
116.02513162720163
153.1335679099226
163.96170664380367
201.36432490936136
229.83734177215192
210.5866661024951
207.57153893806182
230.42983903295058
209.54438575080843
223.04240506329114
234.6020635316545
243.70530469717352
246.3451384744208
203.6437539610677
218.94222279489745
209.5892329345531
219.7214911141727
220.9953275316926
229.79969001199314
202.90375365493455
226.72528572319368
202.26687526167166
202.70951727701123
202.37025316455694
195.4829113924051
201.54683544303793
196.19246118351316
174.11234688703664
183.33260716795502
166.5442726633872
181.55583489161992
152.76068072082245
187.67616741809914
152.76036542515814
147.28468025298667
142.16630758693123
121.58759885070765
139.91735769501054
111.2416249321722
123.82531645569621
109.45981230527143
137.6439698815202
114.76874849889253
127.86902781607763
125.20970627218304
129.77326046796077
122.42431460591176
144.72518836119093
171.0693391568891
167.23498644338125
163.6030415590168
192.1692847124825
199.30194097799307
195.19649614576034
178.28777582409376
218.24876043170627
209.05800210526107
213.40707569606798
209.31954552191579
172.79894810659187
188.35877286484094
172.89909337860783
162.7623729238946
117.69476179227874
114.92209640510814
108.29368863955119
106.72819074333802
78.06661991584852
80.09319775596073
