81.97861150070126
57.760751457887366
63.063132022471905
47.551685393258424
53.56959269662921
43.72801966292135
44.25435393258427
47.38609550561798
44.85912921348314
51.853370786516855
44.822823033707856
46.21500173711181
41.77212078651686
32.338623595505624
31.96952247191011
38.354269786857984
44.25316455696203
43.38101265822785
35.97060369324508
34.75840867992767
35.01871921182266
45.92322308233638
48.92828993666432
44.43560872624912
50.61907107670655
43.10492610837439
70.23166783954962
132.02513162720163
142.6335679099226
155.96170664380367
208.36432490936136
181.33734177215192
236.5866661024951
258.57153893806185
210.42983903295058
230.04438575080843
238.04240506329114
244.6020635316545
239.70530469717352
207.8451384744208
226.6437539610677
202.44222279489745
220.5892329345531
196.2214911141727
185.4953275316926
206.29969001199314
208.90375365493455
203.72528572319368
198.76687526167166
208.20951727701123
194.87025316455694
192.4829113924051
195.54683544303793
165.19246118351316
166.61234688703664
181.83260716795502
177.5442726633872
187.05583489161992
152.76068072082245
185.17616741809914
156.76036542515814
141.78468025298667
138.1663075869311
123.08759885070765
124.91735769501052
131.74162493217221
131.82531645569622
133.95981230527144
118.14396988152022
133.76874849889253
124.86902781607763
130.20970627218304
144.27326046796077
132.92431460591177
129.22518836119093
153.5693391568891
178.73498644338125
179.6030415590168
177.6692847124825
165.30194097799307
175.19649614576034
172.78777582409376
203.24876043170627
201.05800210526107
228.40707569606798
185.31954552191579
181.79894810659187
171.35877286484094
184.39909337860783
148.7623729238946
121.69476179227874
124.92209640510814
103.79368863955119
88.22819074333802
75.56661991584852
72.09319775596073
