77.97861150070126
61.260751457887366
69.0631320224719
51.051685393258424
54.06959269662921
53.22801966292135
56.75435393258427
38.38609550561798
51.35912921348314
39.853370786516855
44.822823033707856
49.21500173711181
31.772120786516858
35.838623595505624
42.96952247191011
38.354269786857984
38.75316455696203
38.38101265822785
39.47060369324508
46.75840867992767
42.51871921182266
49.42322308233638
40.92828993666432
35.93560872624912
37.61907107670655
50.10492610837439
72.23166783954962
110.02513162720163
159.6335679099226
162.96170664380367
171.86432490936136
222.33734177215192
226.5866661024951
239.07153893806182
218.92983903295058
208.54438575080843
206.54240506329114
228.6020635316545
215.20530469717352
201.8451384744208
221.1437539610677
226.94222279489745
188.5892329345531
226.7214911141727
187.4953275316926
209.79969001199314
193.90375365493455
205.72528572319368
206.76687526167166
191.70951727701123
171.37025316455694
179.9829113924051
171.54683544303793
200.19246118351316
163.61234688703664
182.83260716795502
177.5442726633872
183.55583489161992
172.76068072082245
154.17616741809914
146.76036542515814
145.78468025298667
160.66630758693174
150.58759885070765
151.91735769501054
143.74162493217221
112.82531645569621
130.95981230527144
127.14396988152022
118.26874849889253
123.86902781607763
112.20970627218304
124.27326046796075
135.42431460591177
124.22518836119094
164.0693391568891
159.73498644338125
194.6030415590168
185.6692847124825
178.30194097799307
208.19649614576034
196.28777582409376
204.24876043170627
221.05800210526107
190.90707569606798
168.81954552191579
166.79894810659187
164.85877286484094
188.39909337860783
145.2623729238946
123.19476179227874
126.42209640510814
121.79368863955119
92.22819074333802
99.06661991584852
79.09319775596073
