79.47861150070126
72.76075145788737
68.5631320224719
60.051685393258424
54.06959269662921
46.22801966292135
54.75435393258427
52.38609550561798
39.85912921348314
49.853370786516855
37.822823033707856
42.71500173711181
42.77212078651686
39.838623595505624
36.46952247191011
38.854269786857984
42.25316455696203
41.38101265822785
44.97060369324508
36.75840867992767
32.51871921182266
34.42322308233638
50.42828993666432
41.93560872624912
37.61907107670655
52.60492610837439
73.23166783954962
120.02513162720163
138.6335679099226
157.96170664380367
162.86432490936136
180.83734177215192
204.5866661024951
211.57153893806182
207.42983903295058
254.54438575080843
249.54240506329114
243.1020635316545
213.70530469717352
206.3451384744208
203.6437539610677
210.94222279489745
239.0892329345531
223.2214911141727
189.4953275316926
220.29969001199314
236.40375365493455
207.22528572319368
198.76687526167166
181.70951727701123
203.37025316455694
182.4829113924051
205.04683544303793
170.19246118351316
168.11234688703664
167.83260716795502
189.0442726633872
173.55583489161992
148.76068072082245
158.17616741809914
177.76036542515814
162.28468025298667
128.16630758693083
152.08759885070765
126.41735769501052
140.24162493217221
123.82531645569621
140.95981230527144
117.14396988152022
134.26874849889253
120.86902781607763
116.20970627218304
118.77326046796075
134.92431460591177
128.22518836119093
151.5693391568891
153.73498644338125
159.6030415590168
183.6692847124825
159.30194097799307
177.19649614576034
217.78777582409376
193.74876043170627
204.05800210526107
180.90707569606798
205.81954552191579
196.79894810659187
197.35877286484094
178.39909337860783
140.2623729238946
114.69476179227874
113.42209640510814
116.29368863955119
82.72819074333802
92.06661991584852
67.59319775596073
