69.97861150070126
69.26075145788737
58.063132022471905
65.55168539325842
63.06959269662921
48.72801966292135
43.25435393258427
38.38609550561798
40.35912921348314
52.853370786516855
44.822823033707856
46.21500173711181
44.27212078651686
43.338623595505624
39.96952247191011
32.354269786857984
44.25316455696203
32.88101265822785
31.97060369324508
45.25840867992767
42.51871921182266
39.92322308233638
38.42828993666432
48.43560872624912
48.11907107670655
53.60492610837439
66.23166783954962
129.02513162720163
153.6335679099226
166.96170664380367
162.36432490936136
181.33734177215192
224.5866661024951
228.57153893806182
246.92983903295058
217.54438575080843
223.54240506329114
254.6020635316545
251.20530469717352
206.8451384744208
242.1437539610677
235.44222279489745
203.0892329345531
225.7214911141727
189.4953275316926
192.29969001199314
236.90375365493455
212.22528572319368
186.76687526167166
221.20951727701123
176.37025316455694
180.4829113924051
194.54683544303793
171.19246118351316
188.11234688703664
208.33260716795502
203.0442726633872
162.55583489161992
173.26068072082245
164.17616741809914
173.76036542515814
155.78468025298667
151.6663075869315
143.08759885070765
128.41735769501054
128.24162493217221
109.82531645569621
120.95981230527143
132.6439698815202
134.26874849889253
120.86902781607763
139.20970627218304
114.27326046796075
119.92431460591176
152.22518836119093
169.0693391568891
163.23498644338125
197.6030415590168
174.1692847124825
166.30194097799307
203.69649614576034
186.78777582409376
186.24876043170627
210.55800210526107
187.90707569606798
185.31954552191579
162.79894810659187
195.35877286484094
183.89909337860783
159.7623729238946
131.69476179227874
132.92209640510814
105.79368863955119
87.72819074333802
84.06661991584852
81.09319775596073
