63.97861150070126
65.26075145788737
57.063132022471905
51.551685393258424
61.06959269662921
60.72801966292135
46.75435393258427
42.38609550561798
48.35912921348314
43.353370786516855
47.822823033707856
45.71500173711181
29.272120786516858
39.838623595505624
36.46952247191011
33.854269786857984
35.25316455696203
37.88101265822785
37.47060369324508
32.25840867992767
39.01871921182266
40.92322308233638
46.92828993666432
44.43560872624912
40.11907107670655
42.60492610837439
78.73166783954962
119.52513162720163
142.1335679099226
156.96170664380367
168.36432490936136
203.33734177215192
230.5866661024951
232.07153893806182
255.92983903295058
209.04438575080843
258.04240506329114
210.6020635316545
260.2053046971735
249.8451384744208
234.6437539610677
214.44222279489745
199.5892329345531
226.7214911141727
222.9953275316926
206.79969001199314
202.40375365493455
219.72528572319368
211.76687526167166
211.20951727701123
199.37025316455694
187.4829113924051
175.04683544303793
188.19246118351316
166.11234688703664
170.33260716795502
182.0442726633872
168.05583489161992
181.26068072082245
184.17616741809914
183.76036542515814
136.78468025298667
152.1663075869315
136.58759885070765
124.41735769501052
139.24162493217221
138.82531645569622
124.45981230527143
109.14396988152022
113.26874849889253
129.36902781607762
123.20970627218304
126.27326046796075
129.92431460591177
146.22518836119093
135.0693391568891
173.73498644338125
177.1030415590168
201.6692847124825
185.30194097799307
183.19649614576034
219.28777582409376
216.24876043170627
233.05800210526107
202.40707569606798
198.31954552191579
202.79894810659187
188.35877286484094
161.89909337860783
156.2623729238946
117.19476179227874
130.42209640510814
101.79368863955119
87.72819074333802
74.06661991584852
79.09319775596073
