76.47861150070126
72.26075145788737
66.0631320224719
50.551685393258424
63.06959269662921
41.72801966292135
47.25435393258427
44.38609550561798
45.85912921348314
46.853370786516855
36.322823033707856
49.21500173711181
44.77212078651686
39.838623595505624
30.46952247191011
35.354269786857984
41.75316455696203
40.38101265822785
35.97060369324508
33.25840867992767
42.01871921182266
46.42322308233638
33.92828993666432
46.43560872624912
46.61907107670655
56.60492610837439
65.23166783954962
136.52513162720163
151.1335679099226
186.96170664380367
162.36432490936136
217.83734177215192
212.0866661024951
260.07153893806185
213.42983903295058
210.04438575080843
216.04240506329114
244.6020635316545
257.2053046971735
233.8451384744208
217.1437539610677
231.94222279489745
232.0892329345531
225.2214911141727
197.9953275316926
223.29969001199314
200.90375365493455
231.22528572319368
213.26687526167166
174.70951727701123
181.87025316455694
164.9829113924051
204.04683544303793
176.69246118351316
208.61234688703664
172.33260716795502
196.5442726633872
158.55583489161992
166.26068072082245
155.67616741809914
172.76036542515814
164.28468025298667
156.16630758693162
136.58759885070765
139.91735769501054
114.2416249321722
110.32531645569621
115.45981230527143
123.14396988152022
114.76874849889253
125.36902781607763
117.70970627218304
124.27326046796075
122.92431460591176
130.22518836119093
144.0693391568891
152.73498644338125
168.6030415590168
197.1692847124825
188.30194097799307
185.69649614576034
201.28777582409376
181.24876043170627
204.55800210526107
192.40707569606798
195.81954552191579
160.79894810659187
155.35877286484094
162.89909337860783
153.7623729238946
141.19476179227874
106.92209640510814
109.79368863955119
96.22819074333802
92.06661991584852
75.09319775596073
