78.47861150070126
54.760751457887366
50.063132022471905
54.551685393258424
62.06959269662921
58.22801966292135
53.25435393258427
52.38609550561798
49.85912921348314
35.853370786516855
40.822823033707856
39.21500173711181
35.27212078651686
35.838623595505624
36.96952247191011
41.354269786857984
46.25316455696203
37.38101265822785
44.47060369324508
44.25840867992767
35.51871921182266
45.42322308233638
50.42828993666432
34.93560872624912
48.61907107670655
58.10492610837439
75.23166783954962
137.52513162720163
138.1335679099226
161.96170664380367
181.86432490936136
224.33734177215192
226.5866661024951
236.07153893806182
212.42983903295058
244.04438575080843
216.04240506329114
241.1020635316545
249.70530469717352
201.8451384744208
212.6437539610677
215.94222279489745
239.5892329345531
198.2214911141727
203.9953275316926
202.29969001199314
212.40375365493455
231.22528572319368
201.26687526167166
196.20951727701123
208.37025316455694
191.9829113924051
186.54683544303793
173.19246118351316
208.11234688703664
171.83260716795502
194.5442726633872
189.05583489161992
184.26068072082245
171.67616741809914
158.76036542515814
165.78468025298667
151.16630758693148
144.08759885070765
128.41735769501054
127.2416249321722
131.82531645569622
119.45981230527143
133.1439698815202
125.76874849889253
134.36902781607762
118.70970627218304
127.77326046796075
135.42431460591177
127.22518836119094
157.5693391568891
168.23498644338125
194.1030415590168
174.6692847124825
196.30194097799307
199.19649614576034
178.28777582409376
202.24876043170627
226.05800210526107
199.90707569606798
172.31954552191579
178.79894810659187
169.35877286484094
167.89909337860783
151.2623729238946
142.19476179227874
117.92209640510814
102.29368863955119
96.72819074333802
90.06661991584852
72.09319775596073
