75.97861150070126
73.26075145788737
57.563132022471905
63.051685393258424
46.56959269662921
46.22801966292135
51.25435393258427
38.88609550561798
41.85912921348314
51.853370786516855
44.822823033707856
40.71500173711181
34.77212078651686
41.338623595505624
30.46952247191011
34.854269786857984
36.75316455696203
38.88101265822785
36.47060369324508
35.25840867992767
42.51871921182266
44.42322308233638
37.92828993666432
50.93560872624912
40.61907107670655
56.10492610837439
81.23166783954962
132.52513162720163
165.6335679099226
183.96170664380367
168.36432490936136
181.83734177215192
241.0866661024951
255.57153893806182
211.92983903295058
242.04438575080843
216.54240506329114
213.6020635316545
223.20530469717352
223.8451384744208
212.6437539610677
238.94222279489745
207.5892329345531
196.2214911141727
225.4953275316926
203.79969001199314
200.90375365493455
205.72528572319368
204.76687526167166
183.20951727701123
205.87025316455694
170.4829113924051
204.54683544303793
204.69246118351316
171.11234688703664
190.83260716795502
193.0442726633872
162.05583489161992
180.26068072082245
162.67616741809914
180.26036542515814
156.28468025298667
133.16630758693097
135.08759885070765
135.41735769501054
119.7416249321722
124.32531645569621
124.45981230527143
120.14396988152022
109.26874849889253
108.36902781607763
139.20970627218304
115.27326046796075
133.42431460591177
124.22518836119094
145.0693391568891
159.23498644338125
162.1030415590168
164.6692847124825
168.80194097799307
183.19649614576034
183.28777582409376
200.24876043170627
231.05800210526107
189.90707569606798
194.81954552191579
196.79894810659187
179.35877286484094
180.39909337860783
157.7623729238946
138.19476179227874
123.92209640510814
111.29368863955119
82.22819074333802
94.56661991584852
70.59319775596073
