68.47861150070126
74.76075145788737
65.0631320224719
64.05168539325842
60.06959269662921
52.22801966292135
55.75435393258427
44.88609550561798
47.85912921348314
52.853370786516855
35.322823033707856
46.71500173711181
30.272120786516858
37.338623595505624
35.96952247191011
44.354269786857984
36.75316455696203
33.38101265822785
46.97060369324508
41.75840867992767
32.51871921182266
37.42322308233638
48.92828993666432
40.43560872624912
39.11907107670655
58.10492610837439
64.23166783954962
115.02513162720163
148.6335679099226
159.96170664380367
181.86432490936136
211.33734177215192
199.5866661024951
253.57153893806182
240.42983903295058
242.54438575080843
205.54240506329114
242.1020635316545
214.20530469717352
214.8451384744208
219.6437539610677
241.94222279489745
224.5892329345531
191.7214911141727
186.9953275316926
230.29969001199314
192.40375365493455
219.72528572319368
221.76687526167166
213.70951727701123
210.37025316455694
202.4829113924051
183.04683544303793
175.69246118351316
177.61234688703664
199.33260716795502
203.5442726633872
161.05583489161992
179.76068072082245
148.17616741809914
183.76036542515814
135.78468025298667
159.1663075869317
144.58759885070765
148.91735769501054
111.7416249321722
135.32531645569622
120.95981230527143
116.64396988152022
137.76874849889253
119.36902781607763
126.20970627218304
140.27326046796077
144.92431460591177
126.22518836119094
156.0693391568891
179.73498644338125
186.1030415590168
188.1692847124825
181.30194097799307
171.19649614576034
196.28777582409376
214.24876043170627
226.55800210526107
228.40707569606798
190.81954552191579
187.29894810659187
166.35877286484094
148.39909337860783
151.7623729238946
148.69476179227874
114.92209640510814
105.79368863955119
102.22819074333802
80.56661991584852
75.59319775596073
