75.47861150070126
58.260751457887366
68.0631320224719
47.551685393258424
60.06959269662921
57.72801966292135
39.75435393258427
49.38609550561798
44.35912921348314
36.853370786516855
34.822823033707856
45.71500173711181
37.27212078651686
39.338623595505624
32.96952247191011
33.354269786857984
31.753164556962027
44.88101265822785
41.47060369324508
40.75840867992767
37.51871921182266
38.92322308233638
51.42828993666432
42.93560872624912
42.11907107670655
46.60492610837439
63.731667839549615
112.52513162720163
137.6335679099226
167.96170664380367
197.86432490936136
181.83734177215192
218.0866661024951
230.57153893806182
231.42983903295058
226.04438575080843
208.54240506329114
231.1020635316545
227.70530469717352
226.3451384744208
202.1437539610677
196.44222279489745
190.0892329345531
212.2214911141727
191.4953275316926
236.79969001199314
194.40375365493455
200.22528572319368
188.26687526167166
201.70951727701123
195.87025316455694
188.4829113924051
187.54683544303793
171.69246118351316
197.11234688703664
163.33260716795502
172.5442726633872
184.55583489161992
156.26068072082245
161.17616741809914
160.26036542515814
172.28468025298667
155.1663075869316
155.58759885070765
138.91735769501054
119.2416249321722
134.32531645569622
126.45981230527143
122.64396988152022
123.26874849889253
137.86902781607762
142.20970627218304
133.27326046796077
114.92431460591176
121.22518836119094
167.5693391568891
177.23498644338125
188.1030415590168
197.1692847124825
160.30194097799307
197.69649614576034
219.78777582409376
208.24876043170627
225.05800210526107
208.90707569606798
172.31954552191579
161.29894810659187
176.85877286484094
182.39909337860783
140.2623729238946
147.19476179227874
105.42209640510814
96.29368863955119
109.72819074333802
87.56661991584852
86.09319775596073
