81.47861150070126
73.76075145788737
52.563132022471905
47.051685393258424
55.06959269662921
42.22801966292135
51.75435393258427
44.88609550561798
45.35912921348314
38.853370786516855
47.822823033707856
47.21500173711181
36.77212078651686
42.338623595505624
30.46952247191011
42.854269786857984
35.75316455696203
33.88101265822785
31.97060369324508
44.75840867992767
41.51871921182266
45.42322308233638
35.42828993666432
39.43560872624912
46.61907107670655
52.60492610837439
76.73166783954962
143.02513162720163
147.1335679099226
150.96170664380367
200.36432490936136
189.33734177215192
223.0866661024951
233.57153893806182
206.42983903295058
209.04438575080843
255.04240506329114
233.6020635316545
221.70530469717352
251.8451384744208
238.1437539610677
214.44222279489745
193.0892329345531
197.7214911141727
197.9953275316926
235.79969001199314
205.90375365493455
229.72528572319368
205.76687526167166
185.70951727701123
200.37025316455694
203.9829113924051
185.54683544303793
203.19246118351316
193.11234688703664
203.83260716795502
171.5442726633872
157.05583489161992
168.26068072082245
172.67616741809914
180.76036542515814
136.28468025298667
155.1663075869316
139.08759885070765
153.41735769501054
143.74162493217221
120.32531645569621
139.45981230527144
117.64396988152022
132.26874849889253
139.86902781607762
114.70970627218304
127.77326046796075
115.42431460591176
127.22518836119094
143.5693391568891
179.23498644338125
176.6030415590168
178.6692847124825
181.80194097799307
195.69649614576034
216.78777582409376
191.24876043170627
222.05800210526107
219.40707569606798
196.81954552191579
176.29894810659187
192.35877286484094
173.39909337860783
144.2623729238946
124.69476179227874
110.92209640510814
106.79368863955119
83.72819074333802
77.06661991584852
78.59319775596073
