79.97861150070126
69.26075145788737
65.5631320224719
57.051685393258424
46.06959269662921
53.22801966292135
53.25435393258427
52.88609550561798
38.35912921348314
42.853370786516855
42.822823033707856
41.71500173711181
30.772120786516858
29.338623595505624
27.96952247191011
42.854269786857984
37.75316455696203
34.38101265822785
44.97060369324508
42.25840867992767
36.01871921182266
51.42322308233638
46.92828993666432
41.93560872624912
49.11907107670655
53.60492610837439
75.73166783954962
128.52513162720163
146.1335679099226
175.46170664380367
169.36432490936136
183.33734177215192
213.5866661024951
229.07153893806182
251.92983903295058
255.04438575080843
237.04240506329114
221.1020635316545
217.20530469717352
200.8451384744208
208.1437539610677
229.94222279489745
239.0892329345531
213.7214911141727
233.9953275316926
198.29969001199314
219.90375365493455
216.22528572319368
200.26687526167166
215.70951727701123
191.87025316455694
200.4829113924051
181.04683544303793
169.19246118351316
202.61234688703664
166.33260716795502
177.0442726633872
183.05583489161992
170.76068072082245
173.67616741809914
156.76036542515814
139.28468025298667
161.16630758693177
134.08759885070765
124.91735769501052
144.24162493217221
120.32531645569621
112.45981230527143
130.6439698815202
130.26874849889253
139.86902781607762
141.70970627218304
141.77326046796077
124.42431460591176
145.72518836119093
158.5693391568891
159.23498644338125
188.6030415590168
206.6692847124825
182.30194097799307
183.19649614576034
209.78777582409376
202.24876043170627
232.05800210526107
189.90707569606798
202.31954552191579
189.29894810659187
159.35877286484094
149.89909337860783
154.7623729238946
116.69476179227874
103.92209640510814
104.29368863955119
88.22819074333802
88.56661991584852
88.59319775596073
