79.97861150070126
54.760751457887366
69.0631320224719
54.051685393258424
63.56959269662921
47.72801966292135
44.75435393258427
40.38609550561798
50.85912921348314
52.353370786516855
34.322823033707856
35.21500173711181
34.77212078651686
32.338623595505624
39.46952247191011
39.354269786857984
37.75316455696203
39.88101265822785
37.47060369324508
32.25840867992767
32.01871921182266
42.42322308233638
44.42828993666432
38.43560872624912
36.61907107670655
48.60492610837439
72.73166783954962
126.02513162720163
155.1335679099226
174.96170664380367
187.86432490936136
180.83734177215192
211.0866661024951
255.57153893806182
255.42983903295058
207.04438575080843
254.04240506329114
257.6020635316545
259.7053046971735
246.8451384744208
244.1437539610677
223.94222279489745
211.5892329345531
227.7214911141727
221.4953275316926
220.79969001199314
234.90375365493455
197.22528572319368
186.26687526167166
219.70951727701123
176.37025316455694
184.4829113924051
171.54683544303793
206.69246118351316
205.61234688703664
201.33260716795502
179.0442726633872
165.55583489161992
182.26068072082245
169.17616741809914
149.26036542515814
156.28468025298667
165.16630758693188
122.08759885070765
125.91735769501052
131.74162493217221
112.32531645569621
119.95981230527143
139.1439698815202
143.26874849889253
127.36902781607763
134.70970627218304
129.77326046796077
129.42431460591177
156.72518836119093
155.0693391568891
159.23498644338125
164.1030415590168
166.1692847124825
183.80194097799307
200.19649614576034
184.78777582409376
189.74876043170627
236.05800210526107
180.90707569606798
204.81954552191579
204.79894810659187
165.35877286484094
172.89909337860783
162.7623729238946
144.69476179227874
133.42209640510814
120.29368863955119
82.22819074333802
96.56661991584852
70.09319775596073
