72.97861150070126
69.26075145788737
51.063132022471905
47.051685393258424
47.56959269662921
53.72801966292135
47.25435393258427
44.88609550561798
35.85912921348314
35.853370786516855
32.822823033707856
45.21500173711181
32.27212078651686
39.838623595505624
31.46952247191011
38.854269786857984
43.75316455696203
31.381012658227853
38.47060369324508
41.25840867992767
33.01871921182266
37.42322308233638
33.92828993666432
38.43560872624912
37.11907107670655
61.10492610837439
66.73166783954962
132.52513162720163
151.1335679099226
149.46170664380367
176.86432490936136
214.33734177215192
202.0866661024951
230.07153893806182
229.92983903295058
246.04438575080843
207.54240506329114
234.6020635316545
215.70530469717352
223.3451384744208
219.6437539610677
207.44222279489745
222.5892329345531
218.7214911141727
195.4953275316926
220.29969001199314
210.90375365493455
186.72528572319368
208.26687526167166
187.70951727701123
197.37025316455694
176.4829113924051
174.54683544303793
181.69246118351316
163.61234688703664
201.33260716795502
194.0442726633872
191.55583489161992
180.26068072082245
183.17616741809914
153.26036542515814
165.28468025298667
130.16630758693088
126.08759885070765
149.41735769501054
131.74162493217221
141.32531645569622
114.95981230527143
132.1439698815202
123.76874849889253
108.36902781607763
109.70970627218304
122.77326046796075
139.42431460591177
156.22518836119093
163.0693391568891
165.73498644338125
185.6030415590168
169.1692847124825
173.30194097799307
195.69649614576034
176.28777582409376
206.24876043170627
213.55800210526107
195.40707569606798
182.31954552191579
179.79894810659187
177.35877286484094
161.39909337860783
135.2623729238946
127.19476179227874
107.42209640510814
113.29368863955119
103.72819074333802
94.56661991584852
68.59319775596073
