75.97861150070126
66.76075145788737
55.563132022471905
56.551685393258424
63.56959269662921
42.72801966292135
51.25435393258427
52.38609550561798
47.85912921348314
38.353370786516855
40.822823033707856
47.21500173711181
33.27212078651686
29.338623595505624
35.96952247191011
32.854269786857984
40.25316455696203
39.38101265822785
32.47060369324508
44.75840867992767
40.01871921182266
51.42322308233638
42.42828993666432
37.43560872624912
36.11907107670655
43.60492610837439
79.73166783954962
131.52513162720163
150.1335679099226
158.96170664380367
188.36432490936136
228.33734177215192
218.5866661024951
244.57153893806182
247.42983903295058
235.04438575080843
241.54240506329114
223.1020635316545
232.70530469717352
218.3451384744208
239.6437539610677
215.94222279489745
220.5892329345531
225.7214911141727
200.4953275316926
192.79969001199314
192.90375365493455
221.22528572319368
206.26687526167166
216.20951727701123
177.87025316455694
166.4829113924051
179.54683544303793
171.19246118351316
206.11234688703664
207.33260716795502
191.5442726633872
189.05583489161992
170.76068072082245
151.17616741809914
169.76036542515814
166.28468025298667
163.16630758693182
128.58759885070765
138.41735769501054
139.74162493217221
130.82531645569622
135.95981230527144
132.1439698815202
138.76874849889253
118.86902781607763
123.20970627218304
123.27326046796075
119.42431460591176
124.22518836119094
152.5693391568891
158.73498644338125
190.1030415590168
176.6692847124825
177.30194097799307
184.69649614576034
215.28777582409376
222.24876043170627
215.05800210526107
208.90707569606798
183.81954552191579
171.29894810659187
153.85877286484094
184.39909337860783
161.7623729238946
144.19476179227874
115.42209640510814
117.29368863955119
100.72819074333802
95.06661991584852
87.59319775596073
