77.47861150070126
63.260751457887366
70.0631320224719
54.051685393258424
57.56959269662921
52.72801966292135
51.25435393258427
49.88609550561798
43.85912921348314
42.353370786516855
49.322823033707856
38.21500173711181
34.77212078651686
44.338623595505624
37.46952247191011
41.854269786857984
45.25316455696203
39.38101265822785
30.47060369324508
39.25840867992767
42.51871921182266
50.42322308233638
47.42828993666432
37.43560872624912
36.61907107670655
50.10492610837439
69.23166783954962
125.02513162720163
160.6335679099226
186.46170664380367
207.86432490936136
181.33734177215192
203.0866661024951
255.57153893806182
229.92983903295058
212.04438575080843
256.54240506329114
212.6020635316545
229.70530469717352
223.3451384744208
246.6437539610677
219.94222279489745
205.0892329345531
216.2214911141727
230.4953275316926
221.79969001199314
230.90375365493455
193.72528572319368
212.26687526167166
222.70951727701123
178.87025316455694
175.4829113924051
184.04683544303793
200.69246118351316
170.61234688703664
197.83260716795502
197.0442726633872
190.05583489161992
152.76068072082245
168.17616741809914
166.76036542515814
150.28468025298667
143.16630758693125
153.58759885070765
150.41735769501054
123.2416249321722
121.82531645569621
119.95981230527143
137.1439698815202
122.76874849889253
131.36902781607762
120.20970627218304
142.77326046796077
119.42431460591176
128.72518836119093
162.0693391568891
178.73498644338125
162.1030415590168
191.1692847124825
198.30194097799307
186.69649614576034
173.28777582409376
182.24876043170627
221.05800210526107
203.90707569606798
169.81954552191579
201.29894810659187
163.35877286484094
185.39909337860783
166.7623729238946
148.69476179227874
133.42209640510814
119.29368863955119
93.72819074333802
81.06661991584852
76.09319775596073
