67.47861150070126
59.260751457887366
71.0631320224719
50.551685393258424
48.06959269662921
54.22801966292135
49.75435393258427
38.38609550561798
40.85912921348314
46.353370786516855
36.322823033707856
49.21500173711181
31.772120786516858
38.338623595505624
39.46952247191011
42.354269786857984
44.75316455696203
35.88101265822785
36.97060369324508
41.75840867992767
48.01871921182266
41.92322308233638
49.92828993666432
41.93560872624912
42.61907107670655
53.60492610837439
84.73166783954962
125.02513162720163
163.1335679099226
172.96170664380367
208.36432490936136
221.83734177215192
221.5866661024951
227.57153893806182
239.42983903295058
226.04438575080843
232.04240506329114
251.6020635316545
222.20530469717352
251.8451384744208
207.1437539610677
236.94222279489745
189.0892329345531
190.7214911141727
230.9953275316926
202.29969001199314
218.40375365493455
194.22528572319368
206.76687526167166
185.70951727701123
201.37025316455694
202.9829113924051
203.04683544303793
199.69246118351316
172.61234688703664
174.33260716795502
172.0442726633872
193.55583489161992
165.26068072082245
161.67616741809914
148.76036542515814
146.28468025298667
157.66630758693168
137.58759885070765
129.41735769501054
118.2416249321722
128.82531645569622
110.95981230527143
122.64396988152022
139.76874849889253
113.86902781607763
133.70970627218304
130.77326046796077
126.92431460591176
152.22518836119093
151.0693391568891
153.23498644338125
189.1030415590168
171.1692847124825
180.80194097799307
182.69649614576034
220.28777582409376
220.74876043170627
201.05800210526107
204.90707569606798
182.31954552191579
176.79894810659187
167.35877286484094
152.39909337860783
131.2623729238946
120.69476179227874
133.42209640510814
91.79368863955119
86.22819074333802
99.06661991584852
90.09319775596073
