77.97861150070126
68.26075145788737
67.0631320224719
59.051685393258424
63.56959269662921
50.72801966292135
44.25435393258427
53.88609550561798
40.35912921348314
46.853370786516855
48.822823033707856
47.21500173711181
35.77212078651686
32.838623595505624
30.46952247191011
34.354269786857984
30.253164556962027
33.38101265822785
34.47060369324508
36.25840867992767
48.51871921182266
36.42322308233638
42.42828993666432
39.93560872624912
41.11907107670655
55.60492610837439
62.731667839549615
125.52513162720163
142.6335679099226
173.46170664380367
197.36432490936136
205.83734177215192
233.0866661024951
243.07153893806182
219.42983903295058
237.04438575080843
226.54240506329114
213.6020635316545
244.20530469717352
199.8451384744208
204.6437539610677
217.44222279489745
207.5892329345531
230.7214911141727
230.4953275316926
213.79969001199314
237.40375365493455
215.72528572319368
199.26687526167166
206.20951727701123
201.37025316455694
206.9829113924051
179.54683544303793
185.69246118351316
176.61234688703664
199.83260716795502
180.5442726633872
175.55583489161992
158.26068072082245
160.17616741809914
160.76036542515814
153.78468025298667
151.6663075869315
154.58759885070765
137.91735769501054
129.74162493217221
112.32531645569621
115.45981230527143
137.6439698815202
120.76874849889253
132.36902781607762
127.20970627218304
137.77326046796077
114.92431460591176
153.22518836119093
150.0693391568891
150.73498644338125
171.1030415590168
173.1692847124825
162.30194097799307
187.69649614576034
180.78777582409376
218.24876043170627
208.05800210526107
208.90707569606798
204.31954552191579
161.79894810659187
167.35877286484094
185.39909337860783
142.7623729238946
135.19476179227874
102.92209640510814
93.79368863955119
106.72819074333802
97.06661991584852
84.09319775596073
