81.97861150070126
64.76075145788737
63.063132022471905
46.551685393258424
54.56959269662921
54.22801966292135
57.25435393258427
53.38609550561798
52.35912921348314
38.853370786516855
39.322823033707856
40.21500173711181
30.272120786516858
31.838623595505624
40.46952247191011
28.35426978685798
34.25316455696203
31.881012658227853
42.47060369324508
45.75840867992767
44.01871921182266
33.92322308233638
37.42828993666432
48.43560872624912
53.11907107670655
57.60492610837439
73.23166783954962
143.02513162720163
140.6335679099226
176.96170664380367
206.36432490936136
190.33734177215192
248.5866661024951
247.57153893806182
238.42983903295058
212.54438575080843
216.04240506329114
237.6020635316545
229.20530469717352
217.8451384744208
247.1437539610677
230.94222279489745
212.0892329345531
214.7214911141727
228.4953275316926
191.29969001199314
200.40375365493455
220.72528572319368
209.26687526167166
177.20951727701123
192.87025316455694
178.4829113924051
202.54683544303793
186.19246118351316
175.11234688703664
185.33260716795502
187.5442726633872
179.05583489161992
149.76068072082245
183.67616741809914
156.76036542515814
156.28468025298667
136.66630758693105
133.08759885070765
129.91735769501054
142.24162493217221
115.82531645569621
137.45981230527144
139.6439698815202
112.76874849889253
117.86902781607763
132.20970627218304
136.77326046796077
136.42431460591177
133.22518836119093
155.5693391568891
169.73498644338125
194.6030415590168
185.1692847124825
194.30194097799307
201.69649614576034
189.78777582409376
188.24876043170627
208.05800210526107
218.90707569606798
189.31954552191579
166.79894810659187
155.35877286484094
164.89909337860783
165.7623729238946
135.69476179227874
119.92209640510814
119.29368863955119
95.72819074333802
83.06661991584852
73.09319775596073
