83.47861150070126
61.260751457887366
63.563132022471905
50.051685393258424
46.56959269662921
51.72801966292135
49.25435393258427
42.88609550561798
42.85912921348314
50.353370786516855
40.322823033707856
36.71500173711181
45.27212078651686
30.838623595505624
42.46952247191011
37.854269786857984
40.75316455696203
32.38101265822785
42.97060369324508
31.75840867992767
42.01871921182266
40.92322308233638
41.42828993666432
50.93560872624912
36.61907107670655
43.60492610837439
76.73166783954962
128.02513162720163
173.1335679099226
164.96170664380367
192.86432490936136
190.33734177215192
242.0866661024951
242.07153893806182
251.42983903295058
240.54438575080843
249.04240506329114
255.6020635316545
208.20530469717352
246.3451384744208
217.1437539610677
217.94222279489745
205.5892329345531
225.7214911141727
212.9953275316926
211.29969001199314
203.40375365493455
205.22528572319368
199.26687526167166
220.70951727701123
192.37025316455694
171.4829113924051
201.04683544303793
165.69246118351316
199.11234688703664
180.83260716795502
163.5442726633872
186.55583489161992
148.76068072082245
188.67616741809914
163.26036542515814
135.78468025298667
134.166307586931
129.58759885070765
153.91735769501054
131.24162493217221
115.82531645569621
119.95981230527143
123.14396988152022
138.26874849889253
119.36902781607763
118.20970627218304
128.27326046796077
131.92431460591177
127.22518836119094
139.0693391568891
177.73498644338125
197.1030415590168
165.1692847124825
190.80194097799307
209.69649614576034
175.28777582409376
198.24876043170627
189.55800210526107
213.40707569606798
192.81954552191579
167.29894810659187
160.85877286484094
147.39909337860783
135.7623729238946
144.69476179227874
103.42209640510814
97.29368863955119
91.72819074333802
80.06661991584852
78.09319775596073
