79.97861150070126
60.260751457887366
63.563132022471905
59.051685393258424
57.56959269662921
41.72801966292135
53.25435393258427
47.38609550561798
42.35912921348314
41.353370786516855
47.822823033707856
34.21500173711181
36.77212078651686
34.338623595505624
30.46952247191011
31.85426978685798
39.25316455696203
45.38101265822785
46.97060369324508
40.25840867992767
42.51871921182266
49.42322308233638
41.42828993666432
49.93560872624912
40.11907107670655
59.60492610837439
61.731667839549615
125.52513162720163
163.6335679099226
158.96170664380367
207.86432490936136
214.83734177215192
243.0866661024951
237.07153893806182
246.42983903295058
203.04438575080843
204.04240506329114
211.1020635316545
226.70530469717352
208.8451384744208
240.6437539610677
214.94222279489745
213.5892329345531
212.7214911141727
197.9953275316926
194.79969001199314
196.40375365493455
232.72528572319368
214.76687526167166
221.20951727701123
168.37025316455694
168.9829113924051
201.54683544303793
184.19246118351316
173.11234688703664
187.33260716795502
182.0442726633872
189.55583489161992
161.76068072082245
161.67616741809914
151.26036542515814
147.78468025298667
150.16630758693145
130.58759885070765
123.91735769501052
125.2416249321722
123.82531645569621
113.45981230527143
129.6439698815202
112.76874849889253
131.86902781607762
137.20970627218304
115.27326046796075
137.42431460591177
148.72518836119093
171.5693391568891
171.73498644338125
159.6030415590168
173.1692847124825
158.80194097799307
205.19649614576034
211.28777582409376
193.24876043170627
208.55800210526107
187.90707569606798
189.31954552191579
201.79894810659187
197.85877286484094
164.89909337860783
143.7623729238946
142.19476179227874
105.92209640510814
121.79368863955119
104.72819074333802
94.56661991584852
67.09319775596073
