79.97861150070126
70.26075145788737
61.563132022471905
52.051685393258424
63.06959269662921
48.22801966292135
51.75435393258427
36.88609550561798
35.85912921348314
41.353370786516855
39.322823033707856
45.21500173711181
43.77212078651686
29.338623595505624
38.96952247191011
31.35426978685798
35.75316455696203
42.88101265822785
43.47060369324508
32.25840867992767
48.51871921182266
43.42322308233638
49.92828993666432
42.93560872624912
38.61907107670655
44.60492610837439
64.23166783954962
123.52513162720163
142.6335679099226
165.46170664380367
188.36432490936136
208.83734177215192
241.0866661024951
254.57153893806182
236.92983903295058
229.04438575080843
214.54240506329114
224.6020635316545
254.70530469717352
207.8451384744208
200.1437539610677
193.44222279489745
188.5892329345531
198.7214911141727
183.9953275316926
196.79969001199314
190.90375365493455
211.72528572319368
228.76687526167166
199.70951727701123
178.87025316455694
186.9829113924051
190.04683544303793
182.69246118351316
183.61234688703664
167.83260716795502
190.0442726633872
178.55583489161992
173.76068072082245
181.67616741809914
157.76036542515814
156.28468025298667
127.66630758693081
125.58759885070765
149.91735769501054
122.7416249321722
127.82531645569621
121.95981230527143
134.1439698815202
119.26874849889253
127.86902781607763
118.70970627218304
141.77326046796077
137.42431460591177
130.72518836119093
164.5693391568891
159.73498644338125
183.1030415590168
174.1692847124825
196.80194097799307
179.19649614576034
190.28777582409376
181.74876043170627
205.05800210526107
208.40707569606798
191.81954552191579
182.79894810659187
174.35877286484094
158.39909337860783
158.7623729238946
129.69476179227874
111.42209640510814
120.29368863955119
98.72819074333802
88.56661991584852
74.09319775596073
