70.97861150070126
63.760751457887366
62.563132022471905
52.051685393258424
59.56959269662921
46.22801966292135
41.75435393258427
46.88609550561798
40.35912921348314
35.853370786516855
34.322823033707856
39.21500173711181
30.772120786516858
30.838623595505624
43.46952247191011
31.85426978685798
39.25316455696203
37.38101265822785
41.97060369324508
37.75840867992767
33.01871921182266
37.92322308233638
39.42828993666432
43.43560872624912
44.61907107670655
52.60492610837439
62.731667839549615
131.02513162720163
158.1335679099226
166.46170664380367
193.36432490936136
192.33734177215192
248.5866661024951
218.57153893806182
237.42983903295058
207.54438575080843
251.54240506329114
258.6020635316545
218.70530469717352
213.3451384744208
245.6437539610677
243.44222279489745
195.5892329345531
226.2214911141727
200.4953275316926
195.29969001199314
194.40375365493455
230.22528572319368
208.76687526167166
221.20951727701123
174.87025316455694
203.9829113924051
205.54683544303793
198.69246118351316
177.61234688703664
187.33260716795502
179.0442726633872
161.05583489161992
165.76068072082245
174.67616741809914
149.76036542515814
172.28468025298667
157.66630758693168
132.58759885070765
144.41735769501054
132.74162493217221
142.82531645569622
135.95981230527144
109.14396988152022
121.76874849889253
123.36902781607763
122.70970627218304
114.77326046796075
123.42431460591176
127.72518836119094
170.5693391568891
173.73498644338125
193.1030415590168
207.1692847124825
159.80194097799307
207.19649614576034
214.78777582409376
183.24876043170627
240.05800210526107
212.90707569606798
202.31954552191579
203.79894810659187
192.35877286484094
154.39909337860783
140.7623729238946
118.19476179227874
122.42209640510814
119.79368863955119
92.22819074333802
88.56661991584852
83.09319775596073
