78.97861150070126
53.260751457887366
51.563132022471905
47.551685393258424
55.56959269662921
46.72801966292135
56.25435393258427
45.88609550561798
38.35912921348314
37.353370786516855
37.822823033707856
34.21500173711181
30.772120786516858
31.338623595505624
33.46952247191011
42.854269786857984
46.25316455696203
40.88101265822785
43.47060369324508
39.75840867992767
36.51871921182266
42.92322308233638
37.42828993666432
41.43560872624912
43.11907107670655
52.60492610837439
61.231667839549615
128.52513162720163
137.6335679099226
182.96170664380367
172.86432490936136
203.83734177215192
247.0866661024951
239.07153893806182
241.92983903295058
245.54438575080843
209.54240506329114
249.1020635316545
242.20530469717352
224.3451384744208
219.6437539610677
207.94222279489745
203.0892329345531
189.7214911141727
186.4953275316926
187.79969001199314
206.40375365493455
200.72528572319368
219.76687526167166
210.70951727701123
180.37025316455694
210.4829113924051
201.04683544303793
194.69246118351316
189.61234688703664
170.33260716795502
165.5442726633872
175.55583489161992
159.26068072082245
149.67616741809914
164.76036542515814
146.28468025298667
139.16630758693114
152.08759885070765
129.91735769501054
113.7416249321722
134.82531645569622
138.45981230527144
118.14396988152022
133.26874849889253
134.86902781607762
133.70970627218304
125.27326046796075
128.92431460591177
145.72518836119093
143.5693391568891
168.73498644338125
167.1030415590168
163.6692847124825
163.30194097799307
200.69649614576034
195.28777582409376
203.74876043170627
200.05800210526107
206.90707569606798
181.31954552191579
172.29894810659187
164.85877286484094
180.89909337860783
139.2623729238946
138.19476179227874
117.42209640510814
100.29368863955119
100.22819074333802
90.06661991584852
83.59319775596073
