71.47861150070126
59.260751457887366
58.063132022471905
50.051685393258424
45.06959269662921
57.72801966292135
43.25435393258427
49.38609550561798
41.35912921348314
50.353370786516855
43.822823033707856
33.71500173711181
34.27212078651686
42.838623595505624
40.96952247191011
32.854269786857984
35.75316455696203
42.38101265822785
31.97060369324508
33.75840867992767
45.51871921182266
44.92322308233638
49.42828993666432
43.43560872624912
42.11907107670655
44.10492610837439
80.23166783954962
116.52513162720163
141.1335679099226
149.46170664380367
186.86432490936136
220.83734177215192
253.0866661024951
231.07153893806182
205.92983903295058
230.04438575080843
213.04240506329114
251.6020635316545
250.70530469717352
208.3451384744208
208.1437539610677
205.44222279489745
209.5892329345531
185.2214911141727
227.9953275316926
213.29969001199314
210.40375365493455
194.22528572319368
226.76687526167166
220.70951727701123
169.37025316455694
164.9829113924051
204.04683544303793
162.19246118351316
196.61234688703664
197.33260716795502
201.5442726633872
178.55583489161992
184.26068072082245
149.67616741809914
178.26036542515814
144.78468025298667
133.16630758693097
148.08759885070765
124.91735769501052
130.74162493217221
112.32531645569621
109.45981230527143
113.14396988152022
142.76874849889253
107.36902781607763
123.20970627218304
129.77326046796077
141.42431460591177
133.22518836119093
163.0693391568891
162.23498644338125
161.6030415590168
203.1692847124825
181.30194097799307
206.69649614576034
191.28777582409376
192.74876043170627
233.55800210526107
203.40707569606798
207.81954552191579
185.29894810659187
192.85877286484094
179.39909337860783
156.2623729238946
114.19476179227874
125.42209640510814
121.29368863955119
107.22819074333802
86.56661991584852
69.59319775596073
