71.47861150070126
65.26075145788737
66.0631320224719
62.051685393258424
63.06959269662921
49.22801966292135
52.25435393258427
53.38609550561798
44.35912921348314
39.353370786516855
36.822823033707856
46.71500173711181
43.27212078651686
33.338623595505624
40.46952247191011
40.854269786857984
38.25316455696203
40.38101265822785
37.97060369324508
44.25840867992767
34.51871921182266
46.42322308233638
49.42828993666432
46.93560872624912
40.11907107670655
43.10492610837439
75.23166783954962
116.02513162720163
157.1335679099226
180.46170664380367
180.36432490936136
187.33734177215192
224.5866661024951
210.07153893806182
252.92983903295058
217.04438575080843
212.04240506329114
208.1020635316545
213.70530469717352
218.3451384744208
218.1437539610677
234.44222279489745
226.0892329345531
207.7214911141727
188.9953275316926
213.79969001199314
224.40375365493455
226.72528572319368
204.26687526167166
175.70951727701123
207.87025316455694
210.9829113924051
192.54683544303793
188.19246118351316
176.11234688703664
197.83260716795502
180.5442726633872
163.55583489161992
159.76068072082245
163.17616741809914
160.26036542515814
149.28468025298667
163.66630758693185
134.58759885070765
142.91735769501054
121.2416249321722
142.82531645569622
113.45981230527143
117.64396988152022
131.76874849889253
107.86902781607763
137.20970627218304
146.77326046796077
125.42431460591176
138.22518836119093
142.0693391568891
168.73498644338125
159.1030415590168
189.1692847124825
179.30194097799307
208.19649614576034
218.28777582409376
196.74876043170627
221.05800210526107
200.40707569606798
189.81954552191579
183.29894810659187
175.35877286484094
151.39909337860783
156.2623729238946
148.19476179227874
103.92209640510814
92.79368863955119
100.22819074333802
87.56661991584852
76.09319775596073
