81.97861150070126
65.76075145788737
59.063132022471905
63.051685393258424
54.06959269662921
42.22801966292135
42.75435393258427
38.38609550561798
39.35912921348314
50.853370786516855
38.322823033707856
45.71500173711181
33.27212078651686
38.838623595505624
27.96952247191011
41.354269786857984
41.25316455696203
40.38101265822785
42.97060369324508
43.75840867992767
40.51871921182266
45.42322308233638
48.42828993666432
36.93560872624912
49.11907107670655
58.10492610837439
78.73166783954962
137.02513162720163
170.6335679099226
175.46170664380367
162.86432490936136
220.33734177215192
247.5866661024951
229.07153893806182
240.42983903295058
245.54438575080843
233.04240506329114
217.6020635316545
216.70530469717352
219.3451384744208
245.6437539610677
244.94222279489745
190.5892329345531
191.2214911141727
213.4953275316926
236.29969001199314
223.90375365493455
202.72528572319368
208.26687526167166
190.20951727701123
204.37025316455694
208.4829113924051
196.54683544303793
183.69246118351316
200.61234688703664
192.33260716795502
166.0442726633872
183.05583489161992
169.76068072082245
184.17616741809914
157.76036542515814
151.28468025298667
159.66630758693174
120.08759885070765
133.91735769501054
141.74162493217221
139.82531645569622
122.95981230527143
132.6439698815202
122.76874849889253
125.36902781607763
136.70970627218304
131.27326046796077
128.42431460591177
125.22518836119094
133.5693391568891
164.23498644338125
176.1030415590168
180.6692847124825
172.80194097799307
194.19649614576034
219.28777582409376
226.74876043170627
210.55800210526107
185.90707569606798
175.81954552191579
171.79894810659187
161.35877286484094
153.89909337860783
130.2623729238946
120.69476179227874
111.92209640510814
103.79368863955119
107.72819074333802
80.56661991584852
81.09319775596073
