63.47861150070126
60.260751457887366
51.563132022471905
62.051685393258424
51.56959269662921
60.22801966292135
39.25435393258427
53.88609550561798
38.35912921348314
47.853370786516855
41.822823033707856
39.71500173711181
38.77212078651686
36.338623595505624
40.46952247191011
33.354269786857984
37.25316455696203
32.38101265822785
34.47060369324508
42.75840867992767
36.51871921182266
44.42322308233638
49.42828993666432
39.43560872624912
43.11907107670655
53.60492610837439
69.73166783954962
120.52513162720163
135.6335679099226
162.96170664380367
174.36432490936136
209.33734177215192
218.5866661024951
263.57153893806185
203.92983903295058
254.54438575080843
252.04240506329114
257.6020635316545
213.20530469717352
232.3451384744208
223.1437539610677
212.44222279489745
188.0892329345531
222.2214911141727
213.4953275316926
228.29969001199314
187.90375365493455
229.22528572319368
216.26687526167166
186.20951727701123
173.87025316455694
165.9829113924051
170.04683544303793
179.19246118351316
179.61234688703664
180.83260716795502
177.0442726633872
189.55583489161992
165.26068072082245
147.67616741809914
179.26036542515814
164.28468025298667
146.66630758693134
151.58759885070765
147.41735769501054
126.7416249321722
123.82531645569621
127.95981230527143
140.6439698815202
112.76874849889253
114.86902781607763
109.70970627218304
119.27326046796075
132.92431460591177
121.22518836119094
155.5693391568891
163.73498644338125
177.1030415590168
177.6692847124825
157.30194097799307
202.19649614576034
199.28777582409376
193.24876043170627
204.05800210526107
184.90707569606798
195.81954552191579
174.79894810659187
158.85877286484094
185.39909337860783
144.2623729238946
144.19476179227874
125.92209640510814
118.79368863955119
84.72819074333802
89.56661991584852
83.09319775596073
