73.97861150070126
53.260751457887366
54.063132022471905
46.551685393258424
59.06959269662921
55.72801966292135
42.75435393258427
42.88609550561798
49.85912921348314
39.353370786516855
42.322823033707856
47.71500173711181
42.77212078651686
42.338623595505624
31.96952247191011
38.354269786857984
43.25316455696203
42.38101265822785
30.47060369324508
46.25840867992767
48.51871921182266
43.42322308233638
45.92828993666432
47.43560872624912
43.61907107670655
47.10492610837439
82.73166783954962
126.52513162720163
170.6335679099226
166.96170664380367
174.36432490936136
215.33734177215192
243.0866661024951
228.07153893806182
244.92983903295058
214.04438575080843
212.04240506329114
240.6020635316545
259.7053046971735
225.8451384744208
206.6437539610677
232.44222279489745
189.5892329345531
217.7214911141727
202.9953275316926
237.29969001199314
189.40375365493455
193.22528572319368
195.26687526167166
182.70951727701123
191.87025316455694
178.9829113924051
178.04683544303793
198.69246118351316
201.11234688703664
186.83260716795502
181.0442726633872
171.05583489161992
153.76068072082245
164.17616741809914
175.26036542515814
157.28468025298667
151.16630758693148
137.58759885070765
123.41735769501052
121.2416249321722
143.32531645569622
122.95981230527143
110.14396988152022
136.26874849889253
139.36902781607762
115.20970627218304
137.27326046796077
113.42431460591176
124.72518836119094
158.0693391568891
151.73498644338125
161.1030415590168
171.1692847124825
184.80194097799307
169.19649614576034
202.28777582409376
189.74876043170627
197.55800210526107
185.40707569606798
194.81954552191579
192.29894810659187
176.85877286484094
152.89909337860783
150.2623729238946
132.19476179227874
105.92209640510814
115.79368863955119
98.72819074333802
88.06661991584852
67.09319775596073
