74.97861150070126
69.76075145788737
66.0631320224719
63.551685393258424
55.56959269662921
52.22801966292135
44.75435393258427
49.88609550561798
47.85912921348314
46.353370786516855
36.322823033707856
32.21500173711181
36.27212078651686
43.838623595505624
33.96952247191011
38.354269786857984
34.25316455696203
30.381012658227853
41.47060369324508
48.25840867992767
34.51871921182266
38.42322308233638
42.42828993666432
44.43560872624912
46.11907107670655
48.10492610837439
63.731667839549615
129.52513162720163
138.1335679099226
173.96170664380367
182.36432490936136
230.83734177215192
223.5866661024951
226.57153893806182
240.92983903295058
207.54438575080843
213.04240506329114
237.1020635316545
227.70530469717352
230.3451384744208
224.1437539610677
242.44222279489745
227.5892329345531
231.7214911141727
229.4953275316926
193.29969001199314
216.40375365493455
188.22528572319368
198.76687526167166
203.20951727701123
198.37025316455694
197.9829113924051
196.54683544303793
188.69246118351316
173.61234688703664
200.33260716795502
162.5442726633872
173.55583489161992
177.76068072082245
189.17616741809914
172.76036542515814
152.28468025298667
160.16630758693174
139.08759885070765
139.41735769501054
128.74162493217221
140.82531645569622
118.95981230527143
126.64396988152022
135.76874849889253
134.86902781607762
117.20970627218304
126.77326046796075
146.42431460591177
152.72518836119093
142.5693391568891
153.23498644338125
179.6030415590168
172.6692847124825
161.30194097799307
189.69649614576034
191.28777582409376
210.24876043170627
214.55800210526107
206.40707569606798
199.81954552191579
196.79894810659187
184.85877286484094
180.89909337860783
134.2623729238946
120.69476179227874
127.42209640510814
107.29368863955119
105.72819074333802
77.06661991584852
77.09319775596073
