76.97861150070126
56.760751457887366
61.563132022471905
46.051685393258424
59.06959269662921
53.72801966292135
38.75435393258427
39.38609550561798
44.35912921348314
53.353370786516855
48.322823033707856
33.21500173711181
32.27212078651686
42.338623595505624
34.46952247191011
28.35426978685798
35.75316455696203
39.38101265822785
39.97060369324508
44.75840867992767
48.51871921182266
41.42322308233638
46.42828993666432
34.93560872624912
54.11907107670655
43.60492610837439
73.23166783954962
139.52513162720163
146.1335679099226
151.96170664380367
191.86432490936136
215.83734177215192
233.0866661024951
216.57153893806182
236.42983903295058
203.04438575080843
225.04240506329114
251.1020635316545
233.20530469717352
201.3451384744208
249.6437539610677
209.44222279489745
204.5892329345531
222.2214911141727
196.9953275316926
201.79969001199314
221.40375365493455
225.72528572319368
202.76687526167166
179.70951727701123
200.87025316455694
187.4829113924051
188.04683544303793
175.69246118351316
187.61234688703664
198.83260716795502
191.0442726633872
159.05583489161992
150.26068072082245
148.67616741809914
162.76036542515814
163.28468025298667
151.6663075869315
124.08759885070765
147.41735769501054
129.24162493217221
128.82531645569622
128.95981230527144
126.14396988152022
126.26874849889253
131.86902781607762
140.20970627218304
126.77326046796075
135.92431460591177
146.72518836119093
151.5693391568891
155.73498644338125
180.1030415590168
203.6692847124825
166.30194097799307
196.69649614576034
194.28777582409376
216.74876043170627
200.55800210526107
226.90707569606798
205.31954552191579
166.79894810659187
178.35877286484094
180.39909337860783
136.2623729238946
121.19476179227874
121.42209640510814
117.29368863955119
110.22819074333802
87.56661991584852
69.09319775596073
