82.97861150070126
70.26075145788737
56.563132022471905
53.551685393258424
54.56959269662921
44.72801966292135
49.25435393258427
46.88609550561798
39.85912921348314
37.853370786516855
42.322823033707856
48.21500173711181
38.27212078651686
36.338623595505624
29.46952247191011
37.354269786857984
43.75316455696203
43.88101265822785
39.47060369324508
47.25840867992767
41.51871921182266
44.92322308233638
47.42828993666432
43.43560872624912
45.61907107670655
46.60492610837439
83.23166783954962
142.52513162720163
137.1335679099226
179.96170664380367
169.36432490936136
217.33734177215192
201.5866661024951
238.57153893806182
238.92983903295058
211.04438575080843
225.54240506329114
220.1020635316545
240.70530469717352
234.3451384744208
246.6437539610677
217.94222279489745
222.0892329345531
212.7214911141727
190.4953275316926
210.29969001199314
204.90375365493455
231.72528572319368
213.26687526167166
174.20951727701123
183.87025316455694
188.4829113924051
204.54683544303793
175.69246118351316
180.11234688703664
166.83260716795502
166.5442726633872
168.05583489161992
187.26068072082245
165.17616741809914
151.76036542515814
142.78468025298667
128.16630758693083
137.58759885070765
138.91735769501054
113.7416249321722
131.82531645569622
118.95981230527143
128.6439698815202
112.26874849889253
111.86902781607763
124.70970627218304
133.77326046796077
142.42431460591177
147.72518836119093
143.0693391568891
167.73498644338125
185.6030415590168
193.1692847124825
188.30194097799307
211.69649614576034
173.78777582409376
207.74876043170627
203.05800210526107
212.90707569606798
197.81954552191579
166.29894810659187
172.85877286484094
152.89909337860783
160.7623729238946
126.19476179227874
126.42209640510814
104.79368863955119
106.22819074333802
95.06661991584852
83.59319775596073
