80.97861150070126
68.26075145788737
56.063132022471905
47.551685393258424
46.06959269662921
56.22801966292135
41.75435393258427
42.88609550561798
48.85912921348314
43.853370786516855
37.822823033707856
47.21500173711181
39.27212078651686
34.338623595505624
38.96952247191011
36.854269786857984
42.25316455696203
32.88101265822785
31.47060369324508
39.25840867992767
34.01871921182266
49.92322308233638
47.92828993666432
50.43560872624912
39.11907107670655
50.60492610837439
72.73166783954962
131.02513162720163
142.6335679099226
164.46170664380367
163.86432490936136
208.83734177215192
228.5866661024951
238.57153893806182
221.92983903295058
218.54438575080843
243.04240506329114
230.1020635316545
251.20530469717352
242.8451384744208
240.1437539610677
241.44222279489745
194.5892329345531
232.2214911141727
188.4953275316926
221.29969001199314
196.40375365493455
207.22528572319368
217.26687526167166
191.20951727701123
178.37025316455694
168.4829113924051
191.04683544303793
162.19246118351316
190.11234688703664
201.33260716795502
208.0442726633872
157.05583489161992
180.76068072082245
151.67616741809914
155.26036542515814
158.28468025298667
157.66630758693168
146.58759885070765
139.41735769501054
127.2416249321722
140.32531645569622
134.45981230527144
113.64396988152022
128.76874849889253
121.86902781607763
111.20970627218304
122.27326046796075
141.92431460591177
130.22518836119093
171.5693391568891
181.73498644338125
184.6030415590168
183.1692847124825
188.30194097799307
196.19649614576034
213.28777582409376
217.74876043170627
209.55800210526107
204.90707569606798
170.81954552191579
162.29894810659187
156.35877286484094
163.39909337860783
148.2623729238946
146.69476179227874
124.92209640510814
105.29368863955119
102.72819074333802
93.56661991584852
86.09319775596073
