81.97861150070126
57.760751457887366
70.0631320224719
47.551685393258424
53.06959269662921
44.72801966292135
40.25435393258427
47.38609550561798
49.35912921348314
44.353370786516855
37.322823033707856
40.21500173711181
38.77212078651686
29.338623595505624
36.96952247191011
39.354269786857984
36.75316455696203
45.38101265822785
35.47060369324508
46.75840867992767
48.51871921182266
47.92322308233638
42.42828993666432
34.93560872624912
47.11907107670655
53.60492610837439
71.23166783954962
138.52513162720163
151.6335679099226
171.96170664380367
167.86432490936136
210.83734177215192
236.0866661024951
233.57153893806182
226.42983903295058
247.04438575080843
236.54240506329114
217.6020635316545
231.20530469717352
210.8451384744208
215.6437539610677
194.94222279489745
204.0892329345531
199.2214911141727
190.4953275316926
231.29969001199314
210.90375365493455
217.22528572319368
197.76687526167166
212.20951727701123
201.87025316455694
205.4829113924051
179.54683544303793
174.69246118351316
170.11234688703664
164.83260716795502
174.5442726633872
158.05583489161992
171.26068072082245
189.17616741809914
179.26036542515814
144.78468025298667
147.6663075869314
154.58759885070765
149.41735769501054
125.7416249321722
133.82531645569622
121.45981230527143
140.6439698815202
111.26874849889253
117.36902781607763
131.20970627218304
136.77326046796077
143.42431460591177
126.72518836119094
156.5693391568891
162.23498644338125
160.1030415590168
168.1692847124825
182.80194097799307
180.19649614576034
198.28777582409376
209.24876043170627
207.05800210526107
218.90707569606798
204.81954552191579
184.29894810659187
189.35877286484094
168.39909337860783
148.7623729238946
134.19476179227874
129.42209640510814
108.79368863955119
107.22819074333802
98.06661991584852
83.09319775596073
