73.97861150070126
57.760751457887366
62.563132022471905
59.051685393258424
51.56959269662921
48.72801966292135
46.25435393258427
41.88609550561798
49.35912921348314
46.853370786516855
32.822823033707856
43.21500173711181
35.77212078651686
43.838623595505624
35.96952247191011
43.354269786857984
38.75316455696203
37.88101265822785
35.97060369324508
35.25840867992767
45.51871921182266
50.42322308233638
47.92828993666432
41.43560872624912
48.11907107670655
54.60492610837439
78.73166783954962
120.02513162720163
164.1335679099226
187.96170664380367
178.36432490936136
194.33734177215192
225.0866661024951
221.07153893806182
232.42983903295058
233.04438575080843
209.04240506329114
230.1020635316545
208.70530469717352
249.3451384744208
247.6437539610677
217.94222279489745
219.0892329345531
214.2214911141727
191.9953275316926
212.29969001199314
225.40375365493455
224.22528572319368
224.76687526167166
221.70951727701123
182.37025316455694
174.4829113924051
170.54683544303793
182.19246118351316
193.11234688703664
173.83260716795502
184.5442726633872
196.55583489161992
152.26068072082245
184.17616741809914
152.26036542515814
147.78468025298667
160.16630758693174
137.58759885070765
130.41735769501054
121.7416249321722
110.82531645569621
125.45981230527143
127.14396988152022
118.76874849889253
106.86902781607763
121.70970627218304
130.27326046796077
146.42431460591177
148.22518836119093
150.0693391568891
162.23498644338125
178.1030415590168
166.6692847124825
190.80194097799307
210.19649614576034
201.78777582409376
230.74876043170627
237.05800210526107
184.90707569606798
178.31954552191579
188.79894810659187
155.35877286484094
184.89909337860783
139.7623729238946
144.69476179227874
101.42209640510814
92.79368863955119
99.72819074333802
89.06661991584852
86.59319775596073
