62.47861150070126
64.76075145788737
52.563132022471905
57.051685393258424
58.06959269662921
46.22801966292135
54.75435393258427
43.88609550561798
43.85912921348314
49.353370786516855
49.822823033707856
49.21500173711181
35.77212078651686
33.338623595505624
36.46952247191011
29.35426978685798
29.753164556962027
43.88101265822785
31.47060369324508
42.75840867992767
41.01871921182266
34.42322308233638
51.42828993666432
44.43560872624912
37.11907107670655
54.60492610837439
79.73166783954962
123.52513162720163
155.1335679099226
177.96170664380367
192.36432490936136
214.83734177215192
221.0866661024951
238.57153893806182
212.42983903295058
203.54438575080843
239.04240506329114
247.6020635316545
223.20530469717352
204.3451384744208
199.1437539610677
206.44222279489745
237.5892329345531
184.7214911141727
190.9953275316926
203.79969001199314
209.90375365493455
229.22528572319368
185.26687526167166
187.70951727701123
192.37025316455694
165.4829113924051
172.04683544303793
175.69246118351316
165.11234688703664
192.83260716795502
198.5442726633872
189.55583489161992
166.76068072082245
175.67616741809914
149.76036542515814
155.78468025298667
134.166307586931
134.58759885070765
119.41735769501052
141.24162493217221
138.32531645569622
115.45981230527143
121.14396988152022
118.76874849889253
119.86902781607763
142.70970627218304
141.27326046796077
137.92431460591177
149.22518836119093
155.5693391568891
173.23498644338125
184.6030415590168
198.1692847124825
176.30194097799307
172.69649614576034
175.28777582409376
197.74876043170627
208.05800210526107
188.40707569606798
181.81954552191579
181.29894810659187
159.35877286484094
150.39909337860783
135.2623729238946
134.19476179227874
127.92209640510814
94.29368863955119
88.72819074333802
90.56661991584852
67.09319775596073
