77.47861150070126
68.76075145788737
69.5631320224719
57.551685393258424
46.56959269662921
45.22801966292135
43.25435393258427
47.88609550561798
38.35912921348314
44.853370786516855
34.822823033707856
46.21500173711181
37.77212078651686
32.838623595505624
31.96952247191011
30.85426978685798
41.75316455696203
45.88101265822785
35.47060369324508
46.75840867992767
39.01871921182266
44.92322308233638
42.92828993666432
34.93560872624912
37.61907107670655
56.10492610837439
75.23166783954962
140.02513162720163
156.6335679099226
179.96170664380367
175.86432490936136
189.33734177215192
207.0866661024951
260.57153893806185
228.42983903295058
220.04438575080843
205.04240506329114
242.6020635316545
235.20530469717352
205.3451384744208
222.1437539610677
201.44222279489745
203.5892329345531
199.7214911141727
187.4953275316926
197.79969001199314
216.90375365493455
224.72528572319368
196.76687526167166
185.70951727701123
200.37025316455694
199.4829113924051
193.54683544303793
175.69246118351316
196.61234688703664
178.33260716795502
167.0442726633872
167.55583489161992
150.76068072082245
153.67616741809914
142.76036542515814
173.78468025298667
132.66630758693094
145.08759885070765
129.41735769501054
139.24162493217221
143.32531645569622
129.45981230527144
109.64396988152022
122.76874849889253
112.36902781607763
142.70970627218304
116.27326046796075
127.92431460591176
131.72518836119093
141.0693391568891
150.73498644338125
180.6030415590168
189.6692847124825
200.80194097799307
203.69649614576034
183.28777582409376
216.74876043170627
209.55800210526107
191.90707569606798
166.31954552191579
193.29894810659187
188.35877286484094
176.39909337860783
163.7623729238946
146.69476179227874
108.92209640510814
113.79368863955119
82.22819074333802
81.06661991584852
90.59319775596073
