83.47861150070126
64.26075145788737
61.063132022471905
46.051685393258424
50.56959269662921
48.72801966292135
50.75435393258427
45.88609550561798
50.85912921348314
46.353370786516855
35.822823033707856
43.71500173711181
30.272120786516858
37.338623595505624
37.96952247191011
34.354269786857984
29.753164556962027
43.38101265822785
30.47060369324508
45.75840867992767
47.01871921182266
39.42322308233638
38.42828993666432
34.43560872624912
49.11907107670655
59.60492610837439
73.23166783954962
121.52513162720163
152.1335679099226
187.46170664380367
176.86432490936136
214.33734177215192
240.0866661024951
247.57153893806182
256.92983903295055
215.04438575080843
239.04240506329114
223.1020635316545
209.20530469717352
212.3451384744208
235.6437539610677
199.44222279489745
205.5892329345531
224.2214911141727
223.4953275316926
233.79969001199314
199.90375365493455
225.22528572319368
196.76687526167166
219.70951727701123
173.87025316455694
170.4829113924051
182.54683544303793
207.69246118351316
178.61234688703664
185.33260716795502
196.0442726633872
178.55583489161992
154.26068072082245
177.17616741809914
177.76036542515814
151.78468025298667
160.16630758693174
151.08759885070765
122.91735769501052
124.7416249321722
135.82531645569622
134.95981230527144
111.14396988152022
123.26874849889253
140.36902781607762
123.20970627218304
148.27326046796077
124.92431460591176
130.72518836119093
167.0693391568891
145.73498644338125
162.6030415590168
196.1692847124825
193.30194097799307
211.69649614576034
176.28777582409376
224.24876043170627
241.05800210526107
220.90707569606798
184.31954552191579
189.79894810659187
157.35877286484094
169.89909337860783
139.7623729238946
133.69476179227874
110.42209640510814
117.29368863955119
99.22819074333802
97.56661991584852
72.09319775596073
