66.47861150070126
54.760751457887366
61.563132022471905
63.551685393258424
59.06959269662921
46.22801966292135
49.25435393258427
47.38609550561798
41.35912921348314
43.353370786516855
48.822823033707856
37.71500173711181
45.27212078651686
34.338623595505624
33.46952247191011
41.354269786857984
38.75316455696203
40.38101265822785
40.97060369324508
33.25840867992767
44.01871921182266
38.92322308233638
44.42828993666432
37.93560872624912
48.61907107670655
46.10492610837439
66.23166783954962
126.52513162720163
135.1335679099226
178.96170664380367
204.86432490936136
215.83734177215192
237.0866661024951
228.57153893806182
247.92983903295058
229.54438575080843
219.54240506329114
215.1020635316545
243.70530469717352
238.3451384744208
200.6437539610677
199.44222279489745
232.5892329345531
197.2214911141727
190.4953275316926
198.79969001199314
225.90375365493455
230.72528572319368
228.26687526167166
199.20951727701123
187.87025316455694
198.9829113924051
175.04683544303793
173.69246118351316
188.11234688703664
186.33260716795502
197.0442726633872
156.55583489161992
182.26068072082245
168.67616741809914
173.26036542515814
135.78468025298667
145.1663075869313
155.58759885070765
144.41735769501054
132.24162493217221
136.82531645569622
118.95981230527143
112.64396988152022
125.76874849889253
112.36902781607763
127.70970627218304
116.77326046796075
141.92431460591177
149.22518836119093
146.0693391568891
144.23498644338125
170.6030415590168
207.1692847124825
196.30194097799307
172.19649614576034
208.28777582409376
188.74876043170627
229.05800210526107
198.40707569606798
173.31954552191579
194.79894810659187
168.35877286484094
168.39909337860783
136.2623729238946
128.19476179227874
102.92209640510814
91.79368863955119
85.72819074333802
80.06661991584852
69.09319775596073
