81.47861150070126
63.760751457887366
70.5631320224719
59.051685393258424
62.56959269662921
59.72801966292135
55.75435393258427
53.88609550561798
50.35912921348314
44.353370786516855
36.322823033707856
36.21500173711181
33.27212078651686
30.338623595505624
40.96952247191011
32.854269786857984
40.75316455696203
43.88101265822785
44.47060369324508
43.25840867992767
43.01871921182266
39.42322308233638
49.42828993666432
45.43560872624912
38.11907107670655
59.10492610837439
78.73166783954962
138.52513162720163
155.6335679099226
152.46170664380367
200.86432490936136
196.83734177215192
223.5866661024951
209.57153893806182
221.42983903295058
243.54438575080843
258.04240506329114
229.1020635316545
208.20530469717352
234.3451384744208
206.1437539610677
223.44222279489745
226.0892329345531
209.2214911141727
187.9953275316926
190.29969001199314
204.90375365493455
195.22528572319368
223.76687526167166
202.70951727701123
204.87025316455694
171.9829113924051
186.54683544303793
178.19246118351316
201.61234688703664
165.83260716795502
188.5442726633872
187.55583489161992
154.26068072082245
154.67616741809914
177.76036542515814
168.28468025298667
151.6663075869315
128.08759885070765
129.91735769501054
135.74162493217221
120.32531645569621
127.45981230527143
129.6439698815202
114.76874849889253
109.86902781607763
139.20970627218304
135.77326046796077
127.42431460591176
125.22518836119094
149.0693391568891
174.73498644338125
185.1030415590168
175.6692847124825
179.30194097799307
195.19649614576034
173.28777582409376
216.24876043170627
210.55800210526107
184.90707569606798
167.31954552191579
169.29894810659187
191.85877286484094
158.39909337860783
147.2623729238946
116.19476179227874
130.92209640510814
118.29368863955119
88.72819074333802
80.56661991584852
83.59319775596073
