82.47861150070126
69.76075145788737
53.563132022471905
56.051685393258424
55.56959269662921
60.72801966292135
51.25435393258427
48.38609550561798
37.85912921348314
44.353370786516855
46.322823033707856
32.71500173711181
37.27212078651686
37.338623595505624
40.96952247191011
39.354269786857984
42.75316455696203
30.881012658227853
33.97060369324508
38.75840867992767
32.51871921182266
51.42322308233638
38.42828993666432
48.43560872624912
36.11907107670655
44.10492610837439
81.73166783954962
131.02513162720163
167.1335679099226
184.46170664380367
206.86432490936136
182.33734177215192
202.0866661024951
248.57153893806182
231.92983903295058
255.04438575080843
233.54240506329114
241.1020635316545
207.70530469717352
213.8451384744208
223.1437539610677
212.94222279489745
207.0892329345531
220.2214911141727
213.9953275316926
234.29969001199314
234.40375365493455
215.72528572319368
219.26687526167166
177.20951727701123
180.87025316455694
193.9829113924051
170.04683544303793
175.69246118351316
188.11234688703664
201.83260716795502
196.5442726633872
157.05583489161992
174.26068072082245
163.67616741809914
171.76036542515814
140.28468025298667
141.66630758693123
149.08759885070765
152.41735769501054
118.2416249321722
127.82531645569621
128.45981230527144
116.64396988152022
129.76874849889253
117.86902781607763
117.20970627218304
146.77326046796077
124.42431460591176
122.72518836119094
153.0693391568891
165.73498644338125
194.1030415590168
166.1692847124825
192.30194097799307
210.69649614576034
195.78777582409376
181.74876043170627
189.55800210526107
196.90707569606798
199.81954552191579
198.79894810659187
153.85877286484094
175.89909337860783
155.2623729238946
136.19476179227874
101.92209640510814
104.29368863955119
94.72819074333802
75.06661991584852
85.59319775596073
