74.47861150070126
72.76075145788737
50.563132022471905
53.551685393258424
60.06959269662921
57.72801966292135
42.25435393258427
53.88609550561798
39.85912921348314
42.853370786516855
48.322823033707856
47.71500173711181
37.27212078651686
38.838623595505624
43.96952247191011
41.854269786857984
38.75316455696203
41.38101265822785
36.97060369324508
48.25840867992767
42.01871921182266
43.42322308233638
49.42828993666432
46.93560872624912
47.11907107670655
56.60492610837439
75.23166783954962
125.02513162720163
165.6335679099226
168.46170664380367
180.36432490936136
211.33734177215192
227.0866661024951
252.07153893806182
240.92983903295058
246.54438575080843
209.04240506329114
225.6020635316545
220.70530469717352
200.8451384744208
231.1437539610677
236.94222279489745
189.0892329345531
194.7214911141727
231.9953275316926
235.29969001199314
226.40375365493455
190.72528572319368
209.26687526167166
182.70951727701123
172.87025316455694
198.4829113924051
202.54683544303793
180.69246118351316
191.11234688703664
202.33260716795502
168.5442726633872
155.55583489161992
189.26068072082245
160.17616741809914
172.76036542515814
140.78468025298667
150.66630758693145
122.08759885070765
150.41735769501054
121.7416249321722
143.82531645569622
112.45981230527143
129.6439698815202
122.26874849889253
125.86902781607763
121.20970627218304
134.77326046796077
142.92431460591177
153.72518836119093
143.0693391568891
158.73498644338125
161.1030415590168
167.1692847124825
182.30194097799307
205.19649614576034
173.28777582409376
201.74876043170627
223.05800210526107
199.90707569606798
179.81954552191579
163.29894810659187
167.85877286484094
148.89909337860783
133.7623729238946
119.69476179227874
124.42209640510814
101.79368863955119
106.22819074333802
76.56661991584852
79.59319775596073
