61.47861150070126
73.76075145788737
60.063132022471905
55.051685393258424
58.56959269662921
48.72801966292135
48.25435393258427
36.88609550561798
43.85912921348314
48.853370786516855
40.822823033707856
33.71500173711181
35.77212078651686
42.338623595505624
34.46952247191011
39.854269786857984
38.75316455696203
43.38101265822785
37.97060369324508
41.25840867992767
34.01871921182266
40.92322308233638
46.92828993666432
49.43560872624912
53.61907107670655
50.10492610837439
69.23166783954962
141.02513162720163
172.6335679099226
152.46170664380367
168.36432490936136
184.83734177215192
203.0866661024951
251.57153893806182
225.42983903295058
232.04438575080843
223.54240506329114
257.6020635316545
249.20530469717352
250.3451384744208
246.6437539610677
226.94222279489745
218.0892329345531
234.7214911141727
197.9953275316926
213.29969001199314
231.40375365493455
224.22528572319368
220.26687526167166
192.70951727701123
211.37025316455694
174.4829113924051
190.54683544303793
179.69246118351316
169.11234688703664
205.83260716795502
185.5442726633872
169.55583489161992
165.26068072082245
163.17616741809914
184.26036542515814
134.78468025298667
150.16630758693145
134.08759885070765
140.41735769501054
141.74162493217221
114.32531645569621
113.45981230527143
118.64396988152022
117.76874849889253
135.36902781607762
133.70970627218304
140.77326046796077
122.42431460591176
125.22518836119094
171.5693391568891
143.73498644338125
199.1030415590168
180.6692847124825
192.30194097799307
176.19649614576034
195.78777582409376
201.24876043170627
212.05800210526107
223.40707569606798
192.81954552191579
197.79894810659187
192.85877286484094
162.39909337860783
157.7623729238946
123.19476179227874
127.42209640510814
99.79368863955119
102.22819074333802
94.56661991584852
72.09319775596073
