74.47861150070126
69.76075145788737
55.063132022471905
53.551685393258424
63.06959269662921
42.22801966292135
55.25435393258427
51.88609550561798
38.85912921348314
42.853370786516855
36.822823033707856
45.21500173711181
40.77212078651686
28.838623595505624
33.96952247191011
29.35426978685798
36.25316455696203
40.38101265822785
45.97060369324508
39.75840867992767
48.01871921182266
42.42322308233638
45.92828993666432
45.43560872624912
48.61907107670655
60.60492610837439
69.23166783954962
113.52513162720163
162.6335679099226
148.96170664380367
185.36432490936136
203.83734177215192
252.5866661024951
244.57153893806182
222.92983903295058
237.04438575080843
224.04240506329114
217.6020635316545
235.20530469717352
243.3451384744208
229.1437539610677
205.94222279489745
188.0892329345531
220.7214911141727
208.4953275316926
193.29969001199314
226.90375365493455
230.22528572319368
186.26687526167166
205.20951727701123
192.37025316455694
202.9829113924051
167.04683544303793
178.19246118351316
180.11234688703664
198.33260716795502
208.0442726633872
183.05583489161992
164.26068072082245
160.67616741809914
181.26036542515814
147.78468025298667
161.6663075869318
133.58759885070765
146.41735769501054
111.7416249321722
133.32531645569622
129.95981230527144
115.14396988152022
130.76874849889253
111.36902781607763
134.20970627218304
125.77326046796075
146.42431460591177
134.22518836119093
142.0693391568891
165.23498644338125
199.6030415590168
176.6692847124825
192.30194097799307
168.19649614576034
203.78777582409376
192.24876043170627
213.55800210526107
181.90707569606798
190.81954552191579
172.29894810659187
169.85877286484094
177.89909337860783
137.2623729238946
118.19476179227874
126.42209640510814
107.79368863955119
101.72819074333802
92.56661991584852
85.09319775596073
