69.97861150070126
73.26075145788737
67.0631320224719
60.051685393258424
48.56959269662921
51.22801966292135
56.25435393258427
49.38609550561798
51.35912921348314
39.853370786516855
37.822823033707856
38.21500173711181
33.27212078651686
42.338623595505624
38.96952247191011
39.354269786857984
44.25316455696203
35.88101265822785
39.97060369324508
38.75840867992767
43.01871921182266
48.42322308233638
50.92828993666432
44.43560872624912
39.11907107670655
53.60492610837439
70.23166783954962
128.02513162720163
143.6335679099226
177.46170664380367
169.36432490936136
211.83734177215192
221.5866661024951
254.07153893806182
235.92983903295058
211.54438575080843
223.54240506329114
243.6020635316545
242.20530469717352
219.8451384744208
228.1437539610677
240.94222279489745
201.5892329345531
198.2214911141727
207.9953275316926
233.79969001199314
188.40375365493455
223.72528572319368
187.76687526167166
196.20951727701123
196.37025316455694
188.4829113924051
191.04683544303793
207.69246118351316
168.61234688703664
200.33260716795502
204.0442726633872
158.05583489161992
188.76068072082245
169.17616741809914
156.76036542515814
146.28468025298667
134.666307586931
138.58759885070765
143.41735769501054
134.74162493217221
130.32531645569622
138.95981230527144
113.64396988152022
120.76874849889253
113.86902781607763
117.20970627218304
121.27326046796075
131.42431460591177
142.22518836119093
160.0693391568891
163.73498644338125
163.6030415590168
167.1692847124825
182.80194097799307
188.69649614576034
192.28777582409376
212.74876043170627
208.55800210526107
195.90707569606798
191.81954552191579
202.79894810659187
169.85877286484094
148.39909337860783
147.2623729238946
146.19476179227874
121.42209640510814
105.29368863955119
97.72819074333802
88.56661991584852
85.09319775596073
