71.97861150070126
65.76075145788737
64.0631320224719
65.55168539325842
52.06959269662921
49.72801966292135
57.25435393258427
42.88609550561798
44.85912921348314
38.853370786516855
33.822823033707856
45.21500173711181
35.27212078651686
30.338623595505624
30.96952247191011
37.854269786857984
36.25316455696203
42.38101265822785
40.47060369324508
34.25840867992767
40.51871921182266
44.92322308233638
40.42828993666432
50.43560872624912
50.61907107670655
51.60492610837439
66.73166783954962
133.02513162720163
171.6335679099226
148.46170664380367
190.36432490936136
191.83734177215192
213.5866661024951
229.57153893806182
230.92983903295058
232.54438575080843
223.04240506329114
225.6020635316545
227.70530469717352
238.3451384744208
220.1437539610677
203.44222279489745
204.0892329345531
206.2214911141727
200.4953275316926
222.29969001199314
219.40375365493455
230.22528572319368
187.26687526167166
216.20951727701123
173.37025316455694
182.4829113924051
208.04683544303793
205.19246118351316
191.61234688703664
182.33260716795502
205.5442726633872
156.05583489161992
162.76068072082245
158.67616741809914
157.76036542515814
149.78468025298667
130.66630758693088
144.58759885070765
138.91735769501054
131.24162493217221
117.32531645569621
113.45981230527143
135.6439698815202
115.26874849889253
107.86902781607763
130.20970627218304
132.27326046796077
132.92431460591177
124.22518836119094
158.0693391568891
147.73498644338125
188.1030415590168
169.6692847124825
194.30194097799307
195.69649614576034
193.78777582409376
221.74876043170627
227.05800210526107
193.90707569606798
200.81954552191579
166.79894810659187
191.35877286484094
170.39909337860783
143.7623729238946
146.19476179227874
120.42209640510814
114.29368863955119
100.22819074333802
89.56661991584852
67.09319775596073
