68.47861150070126
63.760751457887366
59.063132022471905
59.551685393258424
44.56959269662921
43.72801966292135
55.25435393258427
50.38609550561798
41.85912921348314
52.853370786516855
49.322823033707856
37.21500173711181
35.27212078651686
41.838623595505624
40.46952247191011
40.854269786857984
45.75316455696203
30.381012658227853
32.47060369324508
44.75840867992767
33.01871921182266
49.42322308233638
38.92828993666432
37.43560872624912
40.61907107670655
50.10492610837439
66.23166783954962
116.02513162720163
168.6335679099226
178.46170664380367
207.86432490936136
226.33734177215192
224.0866661024951
214.57153893806182
248.42983903295058
213.04438575080843
241.04240506329114
221.6020635316545
220.70530469717352
246.8451384744208
234.1437539610677
224.44222279489745
213.5892329345531
184.7214911141727
206.9953275316926
200.79969001199314
215.40375365493455
187.22528572319368
219.76687526167166
201.20951727701123
206.87025316455694
202.4829113924051
173.04683544303793
206.19246118351316
173.11234688703664
204.33260716795502
200.0442726633872
166.55583489161992
157.76068072082245
183.67616741809914
163.26036542515814
169.78468025298667
153.66630758693157
145.58759885070765
137.91735769501054
143.24162493217221
142.32531645569622
131.95981230527144
121.64396988152022
139.26874849889253
126.36902781607763
123.20970627218304
117.77326046796075
124.42431460591176
136.22518836119093
162.5693391568891
148.23498644338125
192.1030415590168
202.1692847124825
189.80194097799307
187.69649614576034
181.78777582409376
229.24876043170627
223.05800210526107
194.40707569606798
206.31954552191579
195.79894810659187
189.35877286484094
179.39909337860783
164.7623729238946
136.19476179227874
108.92209640510814
94.79368863955119
89.72819074333802
85.56661991584852
81.59319775596073
