63.47861150070126
59.760751457887366
50.563132022471905
59.551685393258424
59.06959269662921
55.22801966292135
47.75435393258427
52.38609550561798
41.35912921348314
37.353370786516855
32.822823033707856
43.21500173711181
41.27212078651686
42.838623595505624
39.96952247191011
39.354269786857984
44.75316455696203
39.88101265822785
30.47060369324508
48.25840867992767
33.51871921182266
44.92322308233638
35.92828993666432
45.93560872624912
54.11907107670655
42.10492610837439
78.23166783954962
136.52513162720163
158.6335679099226
153.46170664380367
168.36432490936136
182.83734177215192
206.0866661024951
224.07153893806182
230.92983903295058
234.54438575080843
203.54240506329114
241.6020635316545
220.70530469717352
231.8451384744208
199.6437539610677
231.44222279489745
213.5892329345531
192.7214911141727
187.4953275316926
195.79969001199314
197.90375365493455
197.22528572319368
218.26687526167166
210.70951727701123
190.37025316455694
191.9829113924051
204.04683544303793
171.69246118351316
182.11234688703664
197.33260716795502
186.0442726633872
174.05583489161992
148.76068072082245
172.17616741809914
142.76036542515814
145.78468025298667
135.16630758693103
135.08759885070765
150.41735769501054
131.74162493217221
128.82531645569622
125.45981230527143
109.14396988152022
128.76874849889253
132.86902781607762
115.70970627218304
143.27326046796077
116.42431460591176
146.72518836119093
148.5693391568891
158.23498644338125
178.6030415590168
164.1692847124825
194.80194097799307
168.69649614576034
217.78777582409376
185.24876043170627
232.55800210526107
225.90707569606798
209.81954552191579
178.29894810659187
170.85877286484094
168.89909337860783
130.7623729238946
136.19476179227874
123.92209640510814
99.79368863955119
110.22819074333802
86.56661991584852
72.59319775596073
