62.97861150070126
64.26075145788737
69.5631320224719
64.55168539325842
53.06959269662921
53.22801966292135
47.75435393258427
51.88609550561798
50.85912921348314
43.353370786516855
47.822823033707856
32.71500173711181
33.77212078651686
43.838623595505624
42.96952247191011
35.854269786857984
44.75316455696203
37.38101265822785
38.97060369324508
33.25840867992767
48.51871921182266
47.92322308233638
35.42828993666432
45.93560872624912
46.61907107670655
44.60492610837439
68.23166783954962
131.52513162720163
155.1335679099226
169.46170664380367
200.36432490936136
211.33734177215192
231.5866661024951
241.57153893806182
221.92983903295058
217.04438575080843
230.54240506329114
221.1020635316545
258.2053046971735
221.8451384744208
239.1437539610677
223.44222279489745
190.0892329345531
194.2214911141727
190.9953275316926
221.29969001199314
204.90375365493455
211.72528572319368
181.26687526167166
202.70951727701123
195.37025316455694
202.9829113924051
180.04683544303793
173.19246118351316
188.61234688703664
173.33260716795502
169.5442726633872
179.05583489161992
154.26068072082245
179.17616741809914
153.76036542515814
159.28468025298667
133.666307586931
147.08759885070765
139.41735769501054
122.7416249321722
119.82531645569621
112.95981230527143
139.6439698815202
118.76874849889253
117.36902781607763
138.70970627218304
126.77326046796075
144.42431460591177
122.72518836119094
159.5693391568891
156.73498644338125
190.6030415590168
195.6692847124825
159.30194097799307
176.69649614576034
191.28777582409376
212.24876043170627
229.55800210526107
197.40707569606798
193.81954552191579
200.79894810659187
164.85877286484094
167.89909337860783
137.7623729238946
134.69476179227874
118.92209640510814
106.29368863955119
98.72819074333802
79.06661991584852
74.09319775596073
