62.47861150070126
66.26075145788737
59.063132022471905
59.551685393258424
45.56959269662921
52.72801966292135
42.75435393258427
45.38609550561798
35.85912921348314
35.853370786516855
44.822823033707856
49.21500173711181
33.27212078651686
35.838623595505624
32.46952247191011
28.35426978685798
42.25316455696203
36.38101265822785
40.47060369324508
43.25840867992767
39.01871921182266
48.42322308233638
44.42828993666432
46.43560872624912
50.11907107670655
44.10492610837439
80.23166783954962
138.52513162720163
151.1335679099226
174.96170664380367
196.36432490936136
186.33734177215192
245.5866661024951
224.57153893806182
243.42983903295058
203.54438575080843
256.04240506329114
250.1020635316545
250.70530469717352
217.8451384744208
243.6437539610677
222.44222279489745
190.0892329345531
220.2214911141727
201.4953275316926
221.79969001199314
208.40375365493455
207.72528572319368
194.26687526167166
214.20951727701123
214.37025316455694
167.9829113924051
180.04683544303793
172.69246118351316
201.11234688703664
203.83260716795502
207.5442726633872
161.05583489161992
183.76068072082245
155.17616741809914
155.76036542515814
170.78468025298667
158.66630758693168
155.08759885070765
136.41735769501054
113.2416249321722
142.82531645569622
129.45981230527144
121.64396988152022
138.26874849889253
131.36902781607762
132.20970627218304
133.27326046796077
132.42431460591177
139.22518836119093
150.0693391568891
154.23498644338125
168.6030415590168
193.6692847124825
158.30194097799307
185.69649614576034
191.28777582409376
223.24876043170627
189.55800210526107
215.40707569606798
210.31954552191579
190.79894810659187
168.85877286484094
150.89909337860783
131.2623729238946
118.19476179227874
116.42209640510814
108.29368863955119
99.22819074333802
85.56661991584852
68.59319775596073
