68.97861150070126
56.260751457887366
68.5631320224719
48.551685393258424
58.56959269662921
47.22801966292135
44.75435393258427
39.38609550561798
38.35912921348314
48.353370786516855
35.322823033707856
46.21500173711181
36.27212078651686
37.838623595505624
28.96952247191011
32.854269786857984
42.25316455696203
32.88101265822785
31.47060369324508
43.25840867992767
32.01871921182266
37.42322308233638
48.42828993666432
36.93560872624912
42.11907107670655
50.10492610837439
69.73166783954962
140.52513162720163
148.6335679099226
174.96170664380367
187.36432490936136
214.33734177215192
208.0866661024951
233.07153893806182
241.92983903295058
211.04438575080843
239.54240506329114
243.1020635316545
249.20530469717352
242.8451384744208
216.1437539610677
216.94222279489745
228.0892329345531
223.2214911141727
193.4953275316926
221.79969001199314
200.90375365493455
200.72528572319368
179.26687526167166
219.20951727701123
173.87025316455694
203.4829113924051
194.54683544303793
175.19246118351316
183.61234688703664
188.83260716795502
177.5442726633872
190.55583489161992
174.76068072082245
157.17616741809914
148.26036542515814
159.78468025298667
133.666307586931
124.08759885070765
128.41735769501054
112.2416249321722
126.32531645569621
139.95981230527144
138.1439698815202
119.76874849889253
126.86902781607763
142.70970627218304
142.27326046796077
132.42431460591177
148.72518836119093
146.0693391568891
168.23498644338125
157.1030415590168
172.6692847124825
169.80194097799307
192.69649614576034
209.28777582409376
191.24876043170627
194.55800210526107
216.40707569606798
199.81954552191579
178.29894810659187
185.85877286484094
156.39909337860783
167.7623729238946
135.19476179227874
107.42209640510814
102.79368863955119
109.72819074333802
83.56661991584852
70.59319775596073
