82.47861150070126
58.260751457887366
68.5631320224719
59.051685393258424
44.56959269662921
50.72801966292135
55.75435393258427
52.88609550561798
45.85912921348314
51.353370786516855
49.322823033707856
39.71500173711181
42.77212078651686
34.838623595505624
32.46952247191011
38.354269786857984
35.25316455696203
44.88101265822785
38.47060369324508
38.75840867992767
35.51871921182266
43.42322308233638
46.42828993666432
39.93560872624912
37.11907107670655
54.60492610837439
79.23166783954962
142.02513162720163
172.6335679099226
167.96170664380367
162.86432490936136
200.83734177215192
228.0866661024951
259.07153893806185
219.92983903295058
208.54438575080843
252.04240506329114
241.6020635316545
219.70530469717352
212.3451384744208
226.6437539610677
237.94222279489745
227.0892329345531
215.2214911141727
225.9953275316926
204.29969001199314
190.90375365493455
186.22528572319368
199.76687526167166
198.70951727701123
186.37025316455694
176.4829113924051
172.54683544303793
174.69246118351316
190.61234688703664
196.33260716795502
178.5442726633872
181.05583489161992
153.76068072082245
182.17616741809914
145.26036542515814
146.28468025298667
148.1663075869314
142.58759885070765
153.41735769501054
136.24162493217221
123.32531645569621
141.45981230527144
128.6439698815202
134.76874849889253
108.36902781607763
124.20970627218304
126.77326046796075
134.42431460591177
155.22518836119093
157.0693391568891
173.23498644338125
183.1030415590168
198.6692847124825
196.30194097799307
174.19649614576034
198.78777582409376
200.74876043170627
218.55800210526107
184.90707569606798
181.81954552191579
171.79894810659187
179.85877286484094
176.89909337860783
159.2623729238946
118.19476179227874
102.42209640510814
105.79368863955119
82.22819074333802
80.56661991584852
72.09319775596073
