62.97861150070126
72.26075145788737
69.5631320224719
54.551685393258424
45.06959269662921
58.72801966292135
40.25435393258427
54.88609550561798
52.35912921348314
48.853370786516855
45.322823033707856
42.71500173711181
39.27212078651686
35.338623595505624
39.46952247191011
41.854269786857984
33.25316455696203
34.88101265822785
31.97060369324508
38.25840867992767
46.51871921182266
48.42322308233638
37.92828993666432
42.93560872624912
39.61907107670655
56.60492610837439
71.23166783954962
137.02513162720163
152.6335679099226
148.46170664380367
186.36432490936136
186.83734177215192
208.0866661024951
251.57153893806182
254.42983903295058
220.54438575080843
212.54240506329114
235.6020635316545
211.20530469717352
224.3451384744208
244.1437539610677
216.44222279489745
200.5892329345531
217.2214911141727
210.4953275316926
207.79969001199314
235.40375365493455
227.22528572319368
227.76687526167166
195.20951727701123
200.87025316455694
179.9829113924051
198.04683544303793
173.69246118351316
205.61234688703664
193.83260716795502
183.0442726633872
196.55583489161992
151.76068072082245
181.17616741809914
149.26036542515814
147.78468025298667
165.16630758693188
149.58759885070765
128.91735769501054
121.7416249321722
141.32531645569622
136.95981230527144
122.14396988152022
110.76874849889253
108.36902781607763
141.70970627218304
134.77326046796077
131.42431460591177
121.22518836119094
144.0693391568891
149.73498644338125
167.6030415590168
186.6692847124825
177.30194097799307
186.69649614576034
180.78777582409376
186.24876043170627
232.05800210526107
191.40707569606798
177.81954552191579
175.79894810659187
161.85877286484094
183.39909337860783
164.2623729238946
117.69476179227874
130.92209640510814
92.29368863955119
107.72819074333802
92.06661991584852
72.59319775596073
