76.47861150070126
74.76075145788737
59.563132022471905
48.551685393258424
62.06959269662921
59.22801966292135
44.75435393258427
38.38609550561798
47.85912921348314
52.353370786516855
41.822823033707856
46.71500173711181
38.77212078651686
35.838623595505624
32.46952247191011
43.854269786857984
38.25316455696203
36.38101265822785
45.47060369324508
38.75840867992767
38.51871921182266
50.42322308233638
49.42828993666432
42.93560872624912
48.11907107670655
52.10492610837439
67.23166783954962
139.02513162720163
150.6335679099226
177.46170664380367
200.36432490936136
212.33734177215192
242.5866661024951
253.07153893806182
221.42983903295058
227.54438575080843
244.04240506329114
204.6020635316545
215.20530469717352
200.3451384744208
227.6437539610677
197.94222279489745
193.0892329345531
184.7214911141727
187.9953275316926
226.79969001199314
236.40375365493455
216.22528572319368
212.26687526167166
213.20951727701123
188.87025316455694
202.4829113924051
184.54683544303793
183.19246118351316
200.11234688703664
169.33260716795502
204.0442726633872
185.05583489161992
181.76068072082245
176.17616741809914
156.76036542515814
172.28468025298667
153.16630758693154
156.58759885070765
144.41735769501054
115.7416249321722
129.82531645569622
132.45981230527144
120.14396988152022
140.26874849889253
113.36902781607763
129.70970627218304
123.27326046796075
126.42431460591176
146.22518836119093
136.0693391568891
143.73498644338125
201.1030415590168
202.1692847124825
167.30194097799307
186.19649614576034
197.78777582409376
217.74876043170627
226.05800210526107
190.90707569606798
177.31954552191579
175.29894810659187
195.85877286484094
182.89909337860783
141.2623729238946
146.19476179227874
104.42209640510814
111.29368863955119
99.22819074333802
84.56661991584852
90.59319775596073
