63.97861150070126
63.760751457887366
61.563132022471905
65.55168539325842
62.56959269662921
42.72801966292135
49.75435393258427
53.38609550561798
40.85912921348314
41.353370786516855
40.822823033707856
32.21500173711181
33.27212078651686
31.338623595505624
41.46952247191011
38.854269786857984
41.25316455696203
41.88101265822785
37.97060369324508
40.25840867992767
42.51871921182266
46.42322308233638
35.42828993666432
43.43560872624912
38.11907107670655
46.10492610837439
74.73166783954962
137.52513162720163
171.1335679099226
153.96170664380367
163.86432490936136
216.33734177215192
236.0866661024951
244.57153893806182
250.92983903295058
238.04438575080843
242.54240506329114
253.6020635316545
216.70530469717352
251.3451384744208
244.1437539610677
234.44222279489745
231.5892329345531
190.7214911141727
186.9953275316926
223.79969001199314
207.40375365493455
205.22528572319368
215.26687526167166
182.70951727701123
168.37025316455694
190.4829113924051
163.04683544303793
195.69246118351316
204.11234688703664
209.33260716795502
194.0442726633872
171.05583489161992
182.76068072082245
153.67616741809914
150.76036542515814
142.28468025298667
153.66630758693157
128.08759885070765
135.91735769501054
127.7416249321722
110.32531645569621
121.45981230527143
128.6439698815202
133.26874849889253
110.86902781607763
123.70970627218304
124.27326046796075
118.92431460591176
150.22518836119093
139.5693391568891
157.23498644338125
157.6030415590168
187.1692847124825
182.80194097799307
212.19649614576034
174.78777582409376
198.24876043170627
219.05800210526107
217.40707569606798
189.31954552191579
161.79894810659187
179.35877286484094
155.39909337860783
151.2623729238946
139.69476179227874
125.42209640510814
94.29368863955119
94.72819074333802
94.56661991584852
79.09319775596073
