76.47861150070126
56.260751457887366
56.563132022471905
62.051685393258424
58.06959269662921
59.22801966292135
57.25435393258427
49.38609550561798
35.35912921348314
49.353370786516855
36.322823033707856
33.21500173711181
36.77212078651686
32.838623595505624
34.96952247191011
29.85426978685798
36.75316455696203
42.38101265822785
44.97060369324508
39.25840867992767
38.51871921182266
34.42322308233638
43.92828993666432
50.93560872624912
52.61907107670655
48.60492610837439
71.73166783954962
140.52513162720163
141.6335679099226
168.46170664380367
207.86432490936136
181.83734177215192
207.0866661024951
257.07153893806185
256.42983903295055
234.04438575080843
244.04240506329114
228.1020635316545
229.20530469717352
243.3451384744208
244.1437539610677
192.94222279489745
221.5892329345531
210.7214911141727
223.9953275316926
199.79969001199314
227.40375365493455
188.72528572319368
198.76687526167166
179.70951727701123
183.37025316455694
170.4829113924051
172.04683544303793
193.19246118351316
172.11234688703664
166.33260716795502
167.5442726633872
155.55583489161992
155.26068072082245
158.67616741809914
182.76036542515814
147.28468025298667
154.16630758693157
152.58759885070765
130.91735769501054
114.7416249321722
115.32531645569621
113.45981230527143
118.14396988152022
135.26874849889253
126.36902781607763
112.70970627218304
149.27326046796077
135.92431460591177
144.22518836119093
149.5693391568891
163.23498644338125
185.1030415590168
179.6692847124825
186.80194097799307
176.69649614576034
217.28777582409376
220.24876043170627
206.05800210526107
224.90707569606798
208.81954552191579
170.29894810659187
194.85877286484094
181.39909337860783
137.7623729238946
120.19476179227874
121.42209640510814
103.29368863955119
107.72819074333802
74.06661991584852
69.59319775596073
