60.47861150070126
73.76075145788737
67.0631320224719
56.051685393258424
63.56959269662921
58.22801966292135
51.25435393258427
49.88609550561798
46.85912921348314
38.853370786516855
46.822823033707856
36.21500173711181
42.77212078651686
41.338623595505624
35.96952247191011
43.854269786857984
43.25316455696203
36.38101265822785
32.97060369324508
47.25840867992767
42.51871921182266
39.92322308233638
35.42828993666432
45.93560872624912
41.11907107670655
45.10492610837439
81.73166783954962
119.52513162720163
161.1335679099226
173.46170664380367
192.36432490936136
225.83734177215192
226.0866661024951
216.07153893806182
237.92983903295058
254.54438575080843
219.54240506329114
213.6020635316545
232.70530469717352
252.8451384744208
247.6437539610677
204.94222279489745
195.0892329345531
207.2214911141727
218.9953275316926
210.29969001199314
203.40375365493455
213.22528572319368
188.26687526167166
210.70951727701123
191.37025316455694
203.4829113924051
167.54683544303793
179.69246118351316
186.11234688703664
203.83260716795502
201.0442726633872
167.05583489161992
182.26068072082245
183.17616741809914
147.26036542515814
173.28468025298667
146.66630758693134
122.08759885070765
122.91735769501052
115.2416249321722
138.32531645569622
112.45981230527143
132.1439698815202
139.76874849889253
118.86902781607763
118.20970627218304
118.27326046796075
119.92431460591176
156.72518836119093
163.0693391568891
179.73498644338125
190.6030415590168
177.1692847124825
182.30194097799307
188.69649614576034
208.28777582409376
192.74876043170627
217.55800210526107
204.40707569606798
197.31954552191579
168.29894810659187
186.85877286484094
172.39909337860783
156.7623729238946
147.69476179227874
117.92209640510814
105.29368863955119
83.72819074333802
79.56661991584852
70.59319775596073
