79.97861150070126
55.260751457887366
55.563132022471905
49.051685393258424
55.06959269662921
48.22801966292135
52.25435393258427
41.88609550561798
45.35912921348314
49.353370786516855
45.322823033707856
46.21500173711181
37.27212078651686
28.838623595505624
28.96952247191011
32.354269786857984
38.75316455696203
31.381012658227853
46.47060369324508
34.25840867992767
33.51871921182266
33.92322308233638
36.42828993666432
49.43560872624912
39.61907107670655
58.10492610837439
72.73166783954962
120.52513162720163
145.6335679099226
171.46170664380367
171.86432490936136
190.83734177215192
220.0866661024951
228.07153893806182
230.92983903295058
206.04438575080843
249.04240506329114
239.6020635316545
220.70530469717352
199.8451384744208
214.6437539610677
202.44222279489745
201.5892329345531
225.2214911141727
229.9953275316926
188.29969001199314
232.90375365493455
202.22528572319368
213.26687526167166
215.70951727701123
200.87025316455694
166.9829113924051
172.04683544303793
171.69246118351316
197.61234688703664
178.33260716795502
195.0442726633872
176.55583489161992
187.26068072082245
152.67616741809914
175.76036542515814
140.28468025298667
163.16630758693182
136.08759885070765
148.91735769501054
113.7416249321722
112.82531645569621
113.45981230527143
136.1439698815202
125.26874849889253
134.36902781607762
131.70970627218304
138.77326046796077
113.92431460591176
148.22518836119093
145.5693391568891
149.23498644338125
192.6030415590168
186.6692847124825
169.30194097799307
183.69649614576034
182.78777582409376
189.74876043170627
209.55800210526107
189.40707569606798
193.81954552191579
165.79894810659187
182.35877286484094
188.89909337860783
151.7623729238946
142.19476179227874
107.92209640510814
110.79368863955119
100.22819074333802
98.06661991584852
72.59319775596073
