81.47861150070126
57.260751457887366
57.563132022471905
61.551685393258424
47.56959269662921
59.72801966292135
53.75435393258427
50.38609550561798
48.35912921348314
38.353370786516855
36.322823033707856
48.71500173711181
42.77212078651686
37.838623595505624
29.96952247191011
41.854269786857984
40.25316455696203
40.88101265822785
36.47060369324508
41.75840867992767
44.01871921182266
33.92322308233638
44.42828993666432
39.93560872624912
44.61907107670655
44.60492610837439
81.23166783954962
114.02513162720163
164.6335679099226
152.46170664380367
191.86432490936136
190.33734177215192
237.0866661024951
256.57153893806185
239.42983903295058
240.04438575080843
223.04240506329114
255.1020635316545
232.20530469717352
230.8451384744208
248.6437539610677
223.94222279489745
189.0892329345531
202.7214911141727
218.4953275316926
220.29969001199314
204.40375365493455
224.22528572319368
220.26687526167166
216.20951727701123
204.37025316455694
193.9829113924051
168.54683544303793
207.19246118351316
188.11234688703664
171.33260716795502
191.5442726633872
155.55583489161992
155.26068072082245
160.67616741809914
148.26036542515814
144.28468025298667
164.16630758693185
141.08759885070765
125.91735769501052
139.24162493217221
124.32531645569621
120.45981230527143
120.14396988152022
143.26874849889253
123.36902781607763
122.70970627218304
140.77326046796077
129.92431460591177
138.22518836119093
140.5693391568891
166.73498644338125
159.1030415590168
206.6692847124825
162.30194097799307
189.69649614576034
181.28777582409376
229.74876043170627
231.05800210526107
200.40707569606798
165.31954552191579
180.79894810659187
163.85877286484094
163.39909337860783
136.2623729238946
137.19476179227874
127.42209640510814
107.29368863955119
108.22819074333802
78.06661991584852
88.59319775596073
