76.47861150070126
64.76075145788737
51.063132022471905
55.551685393258424
47.06959269662921
49.72801966292135
39.75435393258427
54.38609550561798
37.85912921348314
53.353370786516855
37.822823033707856
34.71500173711181
38.77212078651686
33.338623595505624
43.96952247191011
43.354269786857984
29.753164556962027
30.881012658227853
38.97060369324508
46.25840867992767
39.51871921182266
50.92322308233638
37.92828993666432
37.43560872624912
41.61907107670655
51.10492610837439
67.23166783954962
118.02513162720163
150.6335679099226
182.46170664380367
184.36432490936136
208.33734177215192
206.0866661024951
241.07153893806182
209.92983903295058
204.04438575080843
236.54240506329114
258.6020635316545
230.70530469717352
214.3451384744208
222.1437539610677
233.94222279489745
217.5892329345531
209.7214911141727
232.4953275316926
192.79969001199314
186.90375365493455
214.22528572319368
222.76687526167166
212.20951727701123
196.87025316455694
165.9829113924051
170.54683544303793
182.19246118351316
207.61234688703664
208.33260716795502
163.0442726633872
171.55583489161992
166.26068072082245
182.67616741809914
155.76036542515814
172.78468025298667
130.16630758693088
134.08759885070765
134.41735769501054
141.74162493217221
123.82531645569621
118.45981230527143
129.6439698815202
117.26874849889253
108.86902781607763
136.20970627218304
131.77326046796077
137.92431460591177
153.72518836119093
171.5693391568891
165.23498644338125
162.1030415590168
165.6692847124825
165.80194097799307
212.19649614576034
184.28777582409376
230.24876043170627
239.55800210526107
219.90707569606798
171.31954552191579
196.79894810659187
167.35877286484094
153.39909337860783
167.2623729238946
125.69476179227874
115.42209640510814
115.79368863955119
106.22819074333802
99.06661991584852
68.59319775596073
