73.47861150070126
65.76075145788737
55.563132022471905
56.051685393258424
47.56959269662921
46.22801966292135
55.75435393258427
43.38609550561798
42.85912921348314
50.353370786516855
39.322823033707856
47.71500173711181
41.27212078651686
29.338623595505624
31.46952247191011
38.854269786857984
43.25316455696203
34.88101265822785
45.47060369324508
36.75840867992767
42.01871921182266
44.42322308233638
38.92828993666432
50.43560872624912
50.61907107670655
60.60492610837439
82.73166783954962
112.52513162720163
144.6335679099226
164.96170664380367
202.86432490936136
209.33734177215192
234.0866661024951
263.57153893806185
228.42983903295058
203.54438575080843
209.54240506329114
238.6020635316545
221.70530469717352
226.8451384744208
248.1437539610677
200.44222279489745
238.5892329345531
226.2214911141727
230.9953275316926
192.29969001199314
228.40375365493455
231.22528572319368
214.26687526167166
219.70951727701123
200.37025316455694
176.4829113924051
196.54683544303793
169.19246118351316
178.61234688703664
180.33260716795502
175.5442726633872
187.05583489161992
183.76068072082245
180.67616741809914
153.26036542515814
162.28468025298667
160.66630758693174
153.08759885070765
129.41735769501054
114.7416249321722
127.32531645569621
126.45981230527143
118.14396988152022
141.26874849889253
112.86902781607763
127.70970627218304
124.27326046796075
130.42431460591177
141.22518836119093
155.5693391568891
143.73498644338125
160.1030415590168
193.6692847124825
188.30194097799307
175.69649614576034
198.78777582409376
205.74876043170627
232.05800210526107
198.40707569606798
209.31954552191579
171.79894810659187
187.85877286484094
163.89909337860783
133.2623729238946
124.19476179227874
119.42209640510814
100.79368863955119
102.72819074333802
86.56661991584852
66.59319775596073
