68.47861150070126
67.76075145788737
65.0631320224719
51.051685393258424
44.56959269662921
43.72801966292135
44.75435393258427
52.88609550561798
35.85912921348314
42.853370786516855
44.322823033707856
35.21500173711181
35.77212078651686
44.338623595505624
28.96952247191011
42.354269786857984
32.25316455696203
44.88101265822785
38.97060369324508
39.25840867992767
42.01871921182266
36.92322308233638
45.92828993666432
46.93560872624912
51.11907107670655
59.60492610837439
83.73166783954962
114.52513162720163
172.6335679099226
181.96170664380367
200.86432490936136
195.83734177215192
218.5866661024951
240.07153893806182
221.42983903295058
253.04438575080843
234.54240506329114
256.6020635316545
227.20530469717352
200.8451384744208
250.1437539610677
215.94222279489745
213.0892329345531
190.2214911141727
187.4953275316926
233.29969001199314
228.90375365493455
221.22528572319368
198.76687526167166
176.70951727701123
188.37025316455694
183.9829113924051
202.54683544303793
163.19246118351316
192.11234688703664
173.33260716795502
192.5442726633872
192.55583489161992
150.76068072082245
159.17616741809914
166.76036542515814
154.28468025298667
128.66630758693083
155.08759885070765
121.41735769501052
123.7416249321722
120.82531645569621
110.45981230527143
120.14396988152022
135.26874849889253
121.86902781607763
141.20970627218304
137.27326046796077
118.42431460591176
127.22518836119094
149.0693391568891
154.73498644338125
183.6030415590168
207.1692847124825
177.30194097799307
183.69649614576034
186.78777582409376
210.24876043170627
234.05800210526107
221.40707569606798
167.31954552191579
163.79894810659187
155.85877286484094
165.39909337860783
131.7623729238946
138.69476179227874
112.92209640510814
119.79368863955119
103.72819074333802
74.56661991584852
79.09319775596073
