64.47861150070126
73.76075145788737
69.0631320224719
63.551685393258424
60.06959269662921
42.22801966292135
44.25435393258427
50.38609550561798
41.85912921348314
50.853370786516855
33.322823033707856
44.21500173711181
44.27212078651686
36.338623595505624
27.96952247191011
38.854269786857984
33.75316455696203
38.88101265822785
39.97060369324508
45.25840867992767
35.51871921182266
35.42322308233638
48.92828993666432
34.43560872624912
49.11907107670655
52.10492610837439
66.23166783954962
127.52513162720163
158.1335679099226
175.96170664380367
185.36432490936136
180.83734177215192
220.5866661024951
246.07153893806182
212.92983903295058
232.04438575080843
205.54240506329114
224.1020635316545
236.70530469717352
227.3451384744208
233.6437539610677
238.94222279489745
197.5892329345531
214.2214911141727
210.4953275316926
215.79969001199314
208.40375365493455
187.72528572319368
206.76687526167166
214.70951727701123
189.87025316455694
173.9829113924051
177.04683544303793
203.69246118351316
201.61234688703664
202.83260716795502
175.5442726633872
181.55583489161992
160.76068072082245
167.17616741809914
161.76036542515814
162.28468025298667
144.16630758693128
136.08759885070765
126.91735769501052
125.2416249321722
114.82531645569621
112.95981230527143
136.6439698815202
141.76874849889253
133.86902781607762
141.70970627218304
145.77326046796077
130.92431460591177
138.72518836119093
151.5693391568891
179.73498644338125
161.1030415590168
203.1692847124825
181.30194097799307
169.19649614576034
197.28777582409376
218.74876043170627
232.55800210526107
215.90707569606798
209.31954552191579
178.79894810659187
156.35877286484094
148.39909337860783
147.2623729238946
124.19476179227874
126.42209640510814
112.29368863955119
94.22819074333802
96.06661991584852
72.59319775596073
