62.97861150070126
72.76075145788737
50.063132022471905
66.05168539325842
56.06959269662921
54.72801966292135
56.75435393258427
42.38609550561798
49.35912921348314
50.353370786516855
46.822823033707856
41.71500173711181
36.27212078651686
29.838623595505624
31.46952247191011
44.354269786857984
35.75316455696203
44.38101265822785
44.47060369324508
42.75840867992767
41.51871921182266
47.92322308233638
49.42828993666432
44.93560872624912
44.11907107670655
59.60492610837439
63.731667839549615
111.52513162720163
161.1335679099226
173.96170664380367
186.36432490936136
182.83734177215192
202.0866661024951
230.07153893806182
244.42983903295058
202.54438575080843
210.04240506329114
245.6020635316545
219.20530469717352
226.8451384744208
236.6437539610677
228.44222279489745
197.5892329345531
192.7214911141727
231.4953275316926
230.29969001199314
204.40375365493455
190.22528572319368
181.76687526167166
185.20951727701123
174.37025316455694
200.9829113924051
176.04683544303793
173.69246118351316
191.61234688703664
208.33260716795502
196.0442726633872
162.55583489161992
183.26068072082245
153.67616741809914
145.26036542515814
154.28468025298667
132.66630758693094
124.58759885070765
151.41735769501054
125.2416249321722
119.32531645569621
127.45981230527143
129.6439698815202
124.26874849889253
138.36902781607762
113.20970627218304
133.77326046796077
145.92431460591177
132.72518836119093
144.0693391568891
185.23498644338125
159.6030415590168
193.6692847124825
185.80194097799307
207.19649614576034
179.28777582409376
194.24876043170627
214.55800210526107
211.90707569606798
166.81954552191579
176.29894810659187
193.35877286484094
158.39909337860783
155.2623729238946
122.19476179227874
118.42209640510814
105.79368863955119
105.72819074333802
75.06661991584852
79.09319775596073
