75.47861150070126
64.26075145788737
50.063132022471905
52.051685393258424
52.06959269662921
44.22801966292135
41.75435393258427
49.88609550561798
45.85912921348314
43.353370786516855
44.822823033707856
42.71500173711181
43.77212078651686
29.338623595505624
28.46952247191011
39.854269786857984
30.253164556962027
42.88101265822785
30.97060369324508
39.75840867992767
43.51871921182266
46.42322308233638
41.42828993666432
50.43560872624912
43.61907107670655
60.10492610837439
68.73166783954962
139.52513162720163
170.6335679099226
187.46170664380367
168.86432490936136
211.83734177215192
203.0866661024951
247.57153893806182
216.42983903295058
233.04438575080843
216.04240506329114
222.1020635316545
221.20530469717352
207.8451384744208
197.6437539610677
210.44222279489745
235.0892329345531
197.2214911141727
201.4953275316926
196.79969001199314
222.40375365493455
218.72528572319368
193.76687526167166
186.70951727701123
191.37025316455694
164.9829113924051
189.04683544303793
183.19246118351316
186.11234688703664
169.33260716795502
185.5442726633872
186.05583489161992
187.26068072082245
155.67616741809914
149.76036542515814
161.78468025298667
148.1663075869314
135.58759885070765
140.41735769501054
135.74162493217221
142.32531645569622
114.45981230527143
107.64396988152022
116.76874849889253
109.36902781607763
139.70970627218304
132.27326046796077
146.42431460591177
147.22518836119093
163.0693391568891
158.73498644338125
179.6030415590168
184.1692847124825
163.80194097799307
185.69649614576034
199.28777582409376
181.24876043170627
192.05800210526107
226.90707569606798
171.81954552191579
194.29894810659187
185.85877286484094
146.89909337860783
165.2623729238946
125.69476179227874
133.92209640510814
97.29368863955119
86.22819074333802
91.06661991584852
72.59319775596073
