77.47861150070126
63.760751457887366
51.063132022471905
54.051685393258424
52.06959269662921
58.72801966292135
40.25435393258427
50.38609550561798
52.85912921348314
45.353370786516855
43.822823033707856
35.71500173711181
34.77212078651686
36.838623595505624
35.46952247191011
28.85426978685798
31.253164556962027
39.38101265822785
37.97060369324508
48.25840867992767
33.51871921182266
33.92322308233638
40.42828993666432
34.43560872624912
40.61907107670655
46.10492610837439
63.731667839549615
112.52513162720163
136.6335679099226
147.46170664380367
190.36432490936136
226.33734177215192
250.5866661024951
259.57153893806185
253.42983903295058
236.54438575080843
210.04240506329114
226.1020635316545
257.2053046971735
241.3451384744208
247.6437539610677
201.44222279489745
200.0892329345531
194.7214911141727
200.4953275316926
221.79969001199314
211.40375365493455
198.22528572319368
188.76687526167166
188.70951727701123
210.87025316455694
207.4829113924051
202.04683544303793
184.69246118351316
168.61234688703664
166.83260716795502
203.0442726633872
169.55583489161992
159.76068072082245
169.67616741809914
161.76036542515814
166.78468025298667
140.66630758693117
142.58759885070765
146.91735769501054
131.24162493217221
133.82531645569622
139.45981230527144
140.1439698815202
113.26874849889253
120.36902781607763
111.70970627218304
125.77326046796075
144.42431460591177
123.22518836119094
138.0693391568891
147.73498644338125
192.1030415590168
163.6692847124825
200.80194097799307
206.19649614576034
180.78777582409376
182.74876043170627
226.55800210526107
214.90707569606798
202.31954552191579
205.29894810659187
190.35877286484094
152.39909337860783
153.2623729238946
142.69476179227874
112.42209640510814
118.29368863955119
106.22819074333802
80.56661991584852
72.09319775596073
