68.47861150070126
68.76075145788737
51.063132022471905
62.551685393258424
55.56959269662921
58.22801966292135
57.25435393258427
45.88609550561798
37.35912921348314
47.853370786516855
46.322823033707856
34.21500173711181
33.27212078651686
28.338623595505624
43.46952247191011
40.854269786857984
29.753164556962027
36.38101265822785
36.97060369324508
46.75840867992767
41.51871921182266
50.92322308233638
39.92828993666432
47.43560872624912
39.61907107670655
52.10492610837439
84.23166783954962
142.02513162720163
155.6335679099226
181.46170664380367
197.36432490936136
229.83734177215192
200.5866661024951
263.57153893806185
238.42983903295058
228.54438575080843
209.54240506329114
240.1020635316545
218.20530469717352
239.8451384744208
240.6437539610677
199.44222279489745
213.0892329345531
203.7214911141727
203.4953275316926
198.29969001199314
194.90375365493455
196.22528572319368
181.76687526167166
207.20951727701123
190.37025316455694
197.9829113924051
195.54683544303793
171.69246118351316
191.11234688703664
183.33260716795502
206.5442726633872
155.05583489161992
154.26068072082245
155.67616741809914
167.26036542515814
145.28468025298667
149.16630758693142
131.08759885070765
140.91735769501054
126.2416249321722
118.32531645569621
125.45981230527143
128.1439698815202
119.26874849889253
129.36902781607762
135.70970627218304
115.77326046796075
119.42431460591176
147.72518836119093
141.0693391568891
143.73498644338125
161.1030415590168
191.6692847124825
196.80194097799307
192.19649614576034
207.78777582409376
227.74876043170627
232.55800210526107
227.40707569606798
172.31954552191579
202.29894810659187
197.35877286484094
147.39909337860783
147.2623729238946
135.69476179227874
117.92209640510814
108.29368863955119
85.72819074333802
95.56661991584852
68.09319775596073
