69.97861150070126
59.260751457887366
61.563132022471905
55.051685393258424
56.06959269662921
48.22801966292135
49.25435393258427
50.38609550561798
36.35912921348314
40.853370786516855
45.822823033707856
33.71500173711181
31.272120786516858
43.338623595505624
37.46952247191011
32.354269786857984
40.25316455696203
42.88101265822785
42.47060369324508
36.75840867992767
46.51871921182266
39.92322308233638
44.42828993666432
40.43560872624912
53.11907107670655
48.10492610837439
65.73166783954962
110.52513162720163
172.6335679099226
178.96170664380367
169.86432490936136
214.83734177215192
242.5866661024951
223.57153893806182
249.92983903295058
235.04438575080843
207.04240506329114
238.1020635316545
252.70530469717352
240.3451384744208
240.6437539610677
225.44222279489745
226.5892329345531
198.7214911141727
208.9953275316926
231.29969001199314
216.90375365493455
211.22528572319368
194.76687526167166
178.20951727701123
175.87025316455694
182.4829113924051
162.54683544303793
166.69246118351316
188.61234688703664
165.33260716795502
175.5442726633872
178.55583489161992
161.26068072082245
175.17616741809914
176.26036542515814
168.78468025298667
142.16630758693123
125.58759885070765
126.41735769501052
125.7416249321722
114.32531645569621
128.45981230527144
124.64396988152022
141.26874849889253
120.36902781607763
113.70970627218304
137.77326046796077
128.42431460591177
137.72518836119093
138.5693391568891
157.73498644338125
157.6030415590168
189.6692847124825
185.30194097799307
180.69649614576034
173.28777582409376
183.74876043170627
206.05800210526107
219.90707569606798
170.31954552191579
163.29894810659187
186.85877286484094
149.89909337860783
136.7623729238946
130.69476179227874
103.92209640510814
116.29368863955119
86.72819074333802
87.06661991584852
75.59319775596073
