81.97861150070126
73.26075145788737
61.063132022471905
48.551685393258424
52.56959269662921
56.22801966292135
42.25435393258427
46.38609550561798
36.35912921348314
39.853370786516855
40.822823033707856
42.71500173711181
38.27212078651686
36.338623595505624
31.46952247191011
40.354269786857984
34.75316455696203
33.38101265822785
30.97060369324508
48.75840867992767
40.01871921182266
38.42322308233638
38.92828993666432
34.43560872624912
52.11907107670655
49.60492610837439
69.73166783954962
121.52513162720163
142.1335679099226
155.46170664380367
194.86432490936136
204.33734177215192
210.0866661024951
224.07153893806182
237.92983903295058
223.54438575080843
256.04240506329114
220.1020635316545
213.70530469717352
230.8451384744208
250.1437539610677
207.44222279489745
188.0892329345531
192.7214911141727
206.4953275316926
188.29969001199314
209.90375365493455
208.22528572319368
223.76687526167166
206.70951727701123
208.37025316455694
174.9829113924051
201.54683544303793
208.19246118351316
201.61234688703664
201.83260716795502
191.5442726633872
172.55583489161992
183.76068072082245
173.17616741809914
150.76036542515814
158.28468025298667
155.1663075869316
129.58759885070765
126.91735769501052
130.24162493217221
138.82531645569622
114.45981230527143
138.6439698815202
138.26874849889253
119.86902781607763
117.20970627218304
146.77326046796077
127.92431460591176
146.72518836119093
169.0693391568891
183.23498644338125
196.1030415590168
201.1692847124825
178.30194097799307
204.69649614576034
188.78777582409376
203.74876043170627
196.05800210526107
222.90707569606798
207.81954552191579
196.79894810659187
165.35877286484094
146.89909337860783
143.2623729238946
144.19476179227874
124.92209640510814
109.79368863955119
94.22819074333802
95.06661991584852
72.59319775596073
