64.97861150070126
55.260751457887366
63.563132022471905
58.551685393258424
50.06959269662921
48.22801966292135
41.75435393258427
50.38609550561798
49.85912921348314
41.853370786516855
43.322823033707856
37.71500173711181
30.772120786516858
30.838623595505624
34.46952247191011
30.35426978685798
30.753164556962027
37.88101265822785
34.47060369324508
40.25840867992767
39.51871921182266
38.42322308233638
38.42828993666432
36.43560872624912
43.11907107670655
46.10492610837439
74.73166783954962
134.52513162720163
169.1335679099226
160.96170664380367
203.86432490936136
189.83734177215192
235.5866661024951
237.07153893806182
244.92983903295058
243.54438575080843
227.54240506329114
242.6020635316545
225.70530469717352
235.8451384744208
243.1437539610677
223.44222279489745
199.0892329345531
205.7214911141727
229.4953275316926
207.29969001199314
209.40375365493455
221.22528572319368
200.26687526167166
222.20951727701123
196.37025316455694
164.9829113924051
190.04683544303793
175.69246118351316
201.11234688703664
179.83260716795502
162.0442726633872
179.55583489161992
176.26068072082245
156.17616741809914
163.26036542515814
141.78468025298667
155.66630758693162
123.58759885070765
137.91735769501054
143.74162493217221
132.32531645569622
116.95981230527143
132.6439698815202
139.76874849889253
135.86902781607762
109.20970627218304
114.27326046796075
134.42431460591177
143.22518836119093
138.5693391568891
182.73498644338125
167.1030415590168
185.1692847124825
168.80194097799307
183.19649614576034
213.28777582409376
230.24876043170627
193.05800210526107
191.90707569606798
175.81954552191579
182.79894810659187
191.35877286484094
179.89909337860783
134.7623729238946
147.69476179227874
121.92209640510814
104.79368863955119
88.22819074333802
87.56661991584852
69.09319775596073
