65.97861150070126
64.76075145788737
66.5631320224719
62.051685393258424
52.06959269662921
49.72801966292135
50.25435393258427
44.38609550561798
45.85912921348314
36.853370786516855
33.822823033707856
46.71500173711181
37.27212078651686
31.838623595505624
34.46952247191011
32.854269786857984
39.75316455696203
32.38101265822785
33.97060369324508
45.25840867992767
48.51871921182266
34.92322308233638
42.92828993666432
44.93560872624912
43.11907107670655
61.10492610837439
77.23166783954962
116.02513162720163
158.6335679099226
186.96170664380367
208.36432490936136
195.33734177215192
227.5866661024951
249.07153893806182
237.92983903295058
246.54438575080843
244.54240506329114
214.1020635316545
256.7053046971735
210.3451384744208
199.6437539610677
239.94222279489745
222.5892329345531
212.7214911141727
200.9953275316926
226.79969001199314
194.90375365493455
198.72528572319368
206.76687526167166
212.20951727701123
168.37025316455694
210.9829113924051
190.54683544303793
195.19246118351316
174.11234688703664
165.33260716795502
186.0442726633872
159.55583489161992
151.26068072082245
178.67616741809914
172.76036542515814
150.78468025298667
160.66630758693174
121.08759885070765
146.91735769501054
134.24162493217221
142.82531645569622
118.45981230527143
137.6439698815202
123.76874849889253
130.36902781607762
127.20970627218304
133.77326046796077
123.92431460591176
128.22518836119093
162.0693391568891
163.23498644338125
171.1030415590168
201.6692847124825
182.30194097799307
202.19649614576034
211.28777582409376
181.24876043170627
234.05800210526107
202.90707569606798
194.81954552191579
196.79894810659187
184.35877286484094
156.39909337860783
163.7623729238946
148.69476179227874
127.42209640510814
91.79368863955119
83.22819074333802
75.06661991584852
82.09319775596073
