60.47861150070126
62.760751457887366
55.563132022471905
62.551685393258424
61.56959269662921
54.72801966292135
39.25435393258427
37.38609550561798
44.85912921348314
51.353370786516855
44.322823033707856
35.71500173711181
31.772120786516858
40.338623595505624
36.46952247191011
41.854269786857984
37.75316455696203
34.88101265822785
43.97060369324508
42.25840867992767
44.51871921182266
35.42322308233638
39.92828993666432
38.43560872624912
42.11907107670655
46.60492610837439
64.73166783954962
116.52513162720163
142.1335679099226
152.46170664380367
202.86432490936136
219.83734177215192
251.5866661024951
210.07153893806182
239.92983903295058
223.54438575080843
223.54240506329114
243.1020635316545
236.70530469717352
205.3451384744208
197.6437539610677
211.94222279489745
234.5892329345531
221.7214911141727
199.4953275316926
235.29969001199314
227.90375365493455
208.22528572319368
186.76687526167166
179.70951727701123
175.87025316455694
179.4829113924051
200.04683544303793
183.19246118351316
195.61234688703664
181.83260716795502
173.0442726633872
172.05583489161992
179.26068072082245
176.67616741809914
182.76036542515814
154.28468025298667
154.66630758693157
147.08759885070765
152.91735769501054
128.24162493217221
129.82531645569622
123.95981230527143
124.64396988152022
123.76874849889253
135.36902781607762
119.70970627218304
118.77326046796075
117.92431460591176
148.22518836119093
157.0693391568891
184.23498644338125
168.6030415590168
178.1692847124825
157.80194097799307
172.19649614576034
184.28777582409376
219.74876043170627
201.05800210526107
186.90707569606798
197.81954552191579
182.29894810659187
187.35877286484094
172.89909337860783
143.7623729238946
139.69476179227874
101.42209640510814
112.29368863955119
104.22819074333802
84.06661991584852
70.59319775596073
