69.97861150070126
62.760751457887366
51.563132022471905
46.551685393258424
46.56959269662921
45.72801966292135
48.25435393258427
41.88609550561798
52.35912921348314
46.853370786516855
38.322823033707856
43.71500173711181
41.77212078651686
29.838623595505624
35.96952247191011
32.854269786857984
31.753164556962027
44.38101265822785
43.97060369324508
31.75840867992767
33.51871921182266
47.42322308233638
40.42828993666432
43.43560872624912
54.11907107670655
43.10492610837439
62.231667839549615
122.02513162720163
170.1335679099226
175.96170664380367
184.86432490936136
186.83734177215192
240.5866661024951
234.07153893806182
233.92983903295058
240.54438575080843
222.54240506329114
248.1020635316545
236.70530469717352
219.8451384744208
245.6437539610677
217.44222279489745
201.0892329345531
235.7214911141727
210.9953275316926
214.79969001199314
211.40375365493455
228.72528572319368
187.26687526167166
182.70951727701123
170.87025316455694
178.4829113924051
181.54683544303793
162.69246118351316
190.61234688703664
175.33260716795502
173.0442726633872
186.05583489161992
149.76068072082245
147.67616741809914
164.26036542515814
137.78468025298667
135.16630758693103
132.58759885070765
147.41735769501054
114.7416249321722
126.32531645569621
125.45981230527143
111.64396988152022
120.26874849889253
132.36902781607762
123.20970627218304
145.27326046796077
131.92431460591177
155.22518836119093
150.0693391568891
143.73498644338125
172.6030415590168
162.6692847124825
180.80194097799307
185.19649614576034
182.78777582409376
197.24876043170627
218.05800210526107
197.90707569606798
165.81954552191579
175.29894810659187
161.85877286484094
181.89909337860783
153.2623729238946
141.69476179227874
103.42209640510814
118.79368863955119
104.22819074333802
75.56661991584852
86.09319775596073
