65.47861150070126
54.760751457887366
59.563132022471905
59.051685393258424
51.56959269662921
51.22801966292135
57.25435393258427
42.38609550561798
52.35912921348314
52.853370786516855
33.322823033707856
44.71500173711181
29.772120786516858
35.838623595505624
32.46952247191011
33.354269786857984
32.25316455696203
43.88101265822785
38.47060369324508
43.75840867992767
42.51871921182266
37.42322308233638
34.92828993666432
35.43560872624912
47.11907107670655
56.10492610837439
73.23166783954962
119.52513162720163
165.6335679099226
184.96170664380367
207.86432490936136
221.83734177215192
249.5866661024951
218.57153893806182
256.42983903295055
243.04438575080843
205.04240506329114
241.1020635316545
218.70530469717352
248.8451384744208
221.6437539610677
199.44222279489745
191.0892329345531
218.2214911141727
204.4953275316926
186.29969001199314
225.40375365493455
223.72528572319368
195.26687526167166
210.70951727701123
177.87025316455694
178.9829113924051
207.04683544303793
168.19246118351316
196.11234688703664
170.83260716795502
191.0442726633872
175.55583489161992
180.76068072082245
155.67616741809914
148.26036542515814
146.78468025298667
135.66630758693105
138.58759885070765
148.91735769501054
132.74162493217221
115.32531645569621
130.45981230527144
123.14396988152022
123.26874849889253
120.86902781607763
111.20970627218304
134.27326046796077
146.42431460591177
147.22518836119093
167.0693391568891
144.73498644338125
171.1030415590168
178.6692847124825
194.30194097799307
204.69649614576034
177.28777582409376
195.24876043170627
224.05800210526107
217.40707569606798
178.31954552191579
203.79894810659187
183.35877286484094
181.39909337860783
151.7623729238946
133.69476179227874
121.92209640510814
120.29368863955119
84.72819074333802
87.56661991584852
82.09319775596073
