83.47861150070126
53.760751457887366
58.063132022471905
47.051685393258424
53.56959269662921
54.22801966292135
56.25435393258427
47.88609550561798
36.35912921348314
42.353370786516855
35.322823033707856
40.21500173711181
30.272120786516858
33.838623595505624
30.46952247191011
36.354269786857984
45.75316455696203
29.381012658227853
35.97060369324508
47.75840867992767
32.01871921182266
50.42322308233638
35.92828993666432
47.93560872624912
38.61907107670655
47.60492610837439
79.23166783954962
127.52513162720163
169.1335679099226
183.46170664380367
175.36432490936136
226.83734177215192
200.5866661024951
242.57153893806182
219.42983903295058
209.54438575080843
253.54240506329114
211.6020635316545
249.70530469717352
204.3451384744208
217.6437539610677
205.94222279489745
215.0892329345531
207.2214911141727
206.4953275316926
221.79969001199314
217.90375365493455
223.22528572319368
207.76687526167166
216.20951727701123
181.37025316455694
188.9829113924051
166.04683544303793
192.69246118351316
192.61234688703664
173.33260716795502
180.5442726633872
184.05583489161992
167.76068072082245
183.67616741809914
175.76036542515814
137.78468025298667
159.1663075869317
149.58759885070765
129.41735769501054
134.74162493217221
117.82531645569621
131.45981230527144
130.6439698815202
141.76874849889253
139.86902781607762
130.20970627218304
140.77326046796077
146.42431460591177
147.22518836119093
151.5693391568891
163.73498644338125
163.6030415590168
193.6692847124825
193.80194097799307
177.69649614576034
189.28777582409376
203.74876043170627
229.55800210526107
181.40707569606798
186.31954552191579
184.79894810659187
193.85877286484094
147.39909337860783
145.2623729238946
146.69476179227874
127.92209640510814
113.29368863955119
107.22819074333802
78.06661991584852
82.59319775596073
