67.97861150070126
71.26075145788737
61.563132022471905
47.551685393258424
47.56959269662921
44.72801966292135
52.25435393258427
46.88609550561798
43.35912921348314
44.353370786516855
41.822823033707856
43.71500173711181
30.272120786516858
40.838623595505624
38.96952247191011
28.85426978685798
44.75316455696203
40.38101265822785
42.97060369324508
41.75840867992767
48.51871921182266
40.92322308233638
35.42828993666432
37.93560872624912
38.11907107670655
60.10492610837439
62.731667839549615
130.02513162720163
141.6335679099226
176.46170664380367
179.86432490936136
228.33734177215192
214.5866661024951
227.07153893806182
253.92983903295058
210.04438575080843
256.54240506329114
256.1020635316545
240.20530469717352
240.8451384744208
247.1437539610677
210.94222279489745
228.0892329345531
215.7214911141727
191.4953275316926
211.79969001199314
216.40375365493455
223.72528572319368
220.76687526167166
179.20951727701123
213.37025316455694
177.4829113924051
166.54683544303793
207.19246118351316
177.61234688703664
205.33260716795502
207.0442726633872
158.05583489161992
167.76068072082245
165.67616741809914
148.76036542515814
144.78468025298667
160.16630758693174
140.58759885070765
121.91735769501052
130.24162493217221
116.82531645569621
125.95981230527143
138.6439698815202
112.26874849889253
126.36902781607763
113.20970627218304
145.27326046796077
127.42431460591176
149.22518836119093
146.5693391568891
156.73498644338125
184.6030415590168
182.6692847124825
163.80194097799307
199.69649614576034
213.28777582409376
194.74876043170627
238.55800210526107
212.90707569606798
205.81954552191579
167.79894810659187
182.35877286484094
154.39909337860783
161.7623729238946
119.69476179227874
120.42209640510814
121.79368863955119
93.22819074333802
88.06661991584852
81.59319775596073
