63.47861150070126
56.760751457887366
66.5631320224719
54.051685393258424
60.06959269662921
54.72801966292135
44.25435393258427
52.38609550561798
44.85912921348314
35.853370786516855
40.322823033707856
34.21500173711181
44.77212078651686
28.838623595505624
40.46952247191011
40.854269786857984
41.25316455696203
43.88101265822785
31.47060369324508
32.75840867992767
42.51871921182266
49.42322308233638
46.92828993666432
41.43560872624912
39.61907107670655
61.10492610837439
66.23166783954962
120.52513162720163
150.1335679099226
149.96170664380367
184.86432490936136
230.83734177215192
224.0866661024951
212.07153893806182
242.92983903295058
226.54438575080843
229.04240506329114
231.1020635316545
248.20530469717352
225.8451384744208
206.1437539610677
239.44222279489745
220.0892329345531
185.2214911141727
227.9953275316926
214.29969001199314
213.90375365493455
214.72528572319368
212.76687526167166
209.70951727701123
171.37025316455694
198.9829113924051
164.04683544303793
169.69246118351316
171.11234688703664
193.33260716795502
170.0442726633872
180.55583489161992
179.26068072082245
168.67616741809914
161.76036542515814
157.78468025298667
130.16630758693088
147.58759885070765
142.41735769501054
135.24162493217221
115.32531645569621
133.95981230527144
110.14396988152022
121.26874849889253
137.86902781607762
139.20970627218304
141.27326046796077
127.42431460591176
129.22518836119093
154.5693391568891
158.23498644338125
197.6030415590168
197.1692847124825
197.30194097799307
210.69649614576034
194.28777582409376
201.74876043170627
240.05800210526107
204.40707569606798
205.31954552191579
177.79894810659187
179.35877286484094
179.39909337860783
163.2623729238946
147.19476179227874
120.92209640510814
109.79368863955119
95.22819074333802
90.56661991584852
83.09319775596073
