60.47861150070126
53.760751457887366
68.5631320224719
59.051685393258424
44.56959269662921
54.22801966292135
41.25435393258427
49.88609550561798
38.35912921348314
48.853370786516855
46.822823033707856
42.71500173711181
44.77212078651686
38.338623595505624
32.96952247191011
36.854269786857984
32.75316455696203
36.38101265822785
36.97060369324508
44.25840867992767
37.01871921182266
37.42322308233638
37.42828993666432
35.43560872624912
53.11907107670655
50.10492610837439
66.23166783954962
140.02513162720163
160.6335679099226
148.46170664380367
186.36432490936136
215.83734177215192
233.0866661024951
245.57153893806182
209.92983903295058
205.04438575080843
230.04240506329114
255.1020635316545
242.20530469717352
248.3451384744208
224.6437539610677
197.94222279489745
201.0892329345531
210.2214911141727
219.4953275316926
191.29969001199314
211.40375365493455
213.22528572319368
219.26687526167166
202.70951727701123
194.37025316455694
194.9829113924051
196.04683544303793
190.19246118351316
163.11234688703664
165.33260716795502
181.0442726633872
177.05583489161992
176.26068072082245
188.17616741809914
181.76036542515814
146.78468025298667
154.16630758693157
130.58759885070765
151.91735769501054
141.24162493217221
125.82531645569621
118.45981230527143
115.64396988152022
139.76874849889253
130.36902781607762
137.70970627218304
122.77326046796075
141.92431460591177
135.72518836119093
143.5693391568891
169.73498644338125
165.6030415590168
200.1692847124825
172.30194097799307
171.19649614576034
208.78777582409376
204.24876043170627
211.55800210526107
201.90707569606798
203.31954552191579
184.29894810659187
195.85877286484094
174.89909337860783
146.7623729238946
138.19476179227874
114.92209640510814
117.29368863955119
101.72819074333802
85.06661991584852
70.09319775596073
