71.47861150070126
61.260751457887366
50.063132022471905
47.551685393258424
49.56959269662921
55.22801966292135
49.75435393258427
50.38609550561798
42.35912921348314
46.353370786516855
37.822823033707856
37.21500173711181
40.27212078651686
35.338623595505624
28.46952247191011
33.354269786857984
40.75316455696203
32.88101265822785
30.97060369324508
38.25840867992767
36.51871921182266
41.92322308233638
50.92828993666432
34.43560872624912
52.11907107670655
44.60492610837439
69.23166783954962
141.02513162720163
134.6335679099226
165.96170664380367
192.36432490936136
219.33734177215192
215.5866661024951
255.57153893806182
230.92983903295058
253.04438575080843
209.54240506329114
224.1020635316545
213.70530469717352
253.8451384744208
228.6437539610677
227.44222279489745
214.0892329345531
225.2214911141727
197.4953275316926
189.29969001199314
204.40375365493455
206.22528572319368
217.76687526167166
195.70951727701123
197.37025316455694
183.4829113924051
172.54683544303793
201.69246118351316
199.61234688703664
198.83260716795502
176.0442726633872
178.05583489161992
189.26068072082245
149.17616741809914
143.76036542515814
147.28468025298667
130.16630758693088
137.58759885070765
123.41735769501052
116.7416249321722
112.82531645569621
128.95981230527144
140.6439698815202
124.26874849889253
115.86902781607763
130.70970627218304
126.27326046796075
138.42431460591177
153.22518836119093
140.0693391568891
163.73498644338125
175.6030415590168
177.6692847124825
165.80194097799307
185.19649614576034
193.28777582409376
221.24876043170627
221.55800210526107
214.40707569606798
184.81954552191579
188.79894810659187
196.35877286484094
153.39909337860783
144.2623729238946
118.19476179227874
117.92209640510814
120.29368863955119
82.22819074333802
73.06661991584852
74.59319775596073
