68.47861150070126
72.76075145788737
68.5631320224719
59.551685393258424
64.0695926966292
45.72801966292135
50.25435393258427
49.88609550561798
52.35912921348314
49.353370786516855
39.822823033707856
43.21500173711181
41.77212078651686
31.338623595505624
37.96952247191011
40.354269786857984
38.75316455696203
39.38101265822785
30.47060369324508
40.25840867992767
46.51871921182266
46.42322308233638
39.92828993666432
47.43560872624912
45.61907107670655
53.60492610837439
66.23166783954962
120.02513162720163
160.1335679099226
174.96170664380367
181.36432490936136
225.83734177215192
232.0866661024951
207.57153893806182
220.42983903295058
215.04438575080843
233.04240506329114
226.1020635316545
213.20530469717352
211.8451384744208
223.1437539610677
209.94222279489745
206.5892329345531
203.2214911141727
233.4953275316926
230.29969001199314
204.40375365493455
228.22528572319368
221.76687526167166
196.20951727701123
190.37025316455694
205.9829113924051
204.54683544303793
184.19246118351316
165.61234688703664
176.33260716795502
204.0442726633872
183.55583489161992
151.76068072082245
168.17616741809914
161.76036542515814
162.28468025298667
160.16630758693174
155.58759885070765
135.91735769501054
126.7416249321722
118.82531645569621
116.95981230527143
131.6439698815202
138.26874849889253
131.86902781607762
120.20970627218304
140.27326046796077
131.92431460591177
125.72518836119094
135.0693391568891
171.23498644338125
181.6030415590168
206.1692847124825
163.30194097799307
203.69649614576034
204.78777582409376
229.24876043170627
202.05800210526107
180.40707569606798
202.81954552191579
191.79894810659187
191.85877286484094
171.89909337860783
150.2623729238946
115.69476179227874
116.92209640510814
115.79368863955119
94.72819074333802
90.56661991584852
73.59319775596073
