66.97861150070126
73.76075145788737
53.563132022471905
63.051685393258424
57.06959269662921
55.72801966292135
51.25435393258427
42.38609550561798
43.85912921348314
44.353370786516855
36.822823033707856
43.21500173711181
40.27212078651686
29.338623595505624
39.96952247191011
40.354269786857984
30.253164556962027
38.88101265822785
36.97060369324508
35.75840867992767
32.51871921182266
44.42322308233638
38.42828993666432
49.43560872624912
47.11907107670655
53.10492610837439
65.73166783954962
130.52513162720163
134.1335679099226
148.96170664380367
178.86432490936136
189.33734177215192
206.5866661024951
211.57153893806182
202.92983903295058
208.54438575080843
228.04240506329114
204.6020635316545
215.20530469717352
215.8451384744208
248.1437539610677
204.44222279489745
205.5892329345531
195.7214911141727
211.4953275316926
232.29969001199314
214.40375365493455
206.72528572319368
222.26687526167166
188.20951727701123
184.87025316455694
198.4829113924051
172.04683544303793
188.69246118351316
204.61234688703664
203.33260716795502
204.0442726633872
172.55583489161992
167.76068072082245
180.17616741809914
160.26036542515814
150.28468025298667
150.66630758693145
144.08759885070765
149.91735769501054
119.2416249321722
137.32531645569622
120.45981230527143
140.6439698815202
124.26874849889253
126.86902781607763
113.20970627218304
122.27326046796075
129.92431460591177
122.72518836119094
137.5693391568891
160.23498644338125
192.1030415590168
171.1692847124825
181.80194097799307
174.19649614576034
177.28777582409376
205.74876043170627
194.55800210526107
218.90707569606798
210.81954552191579
173.79894810659187
172.85877286484094
176.39909337860783
133.7623729238946
131.69476179227874
131.42209640510814
93.79368863955119
94.22819074333802
97.06661991584852
78.59319775596073
