62.97861150070126
54.760751457887366
67.5631320224719
63.551685393258424
48.56959269662921
42.72801966292135
41.25435393258427
41.38609550561798
51.85912921348314
41.353370786516855
41.322823033707856
35.71500173711181
38.77212078651686
44.338623595505624
35.46952247191011
40.354269786857984
44.25316455696203
35.88101265822785
43.47060369324508
45.75840867992767
42.01871921182266
35.42322308233638
42.92828993666432
35.93560872624912
45.11907107670655
55.10492610837439
62.231667839549615
130.52513162720163
154.1335679099226
169.46170664380367
170.86432490936136
225.33734177215192
236.5866661024951
243.57153893806182
239.42983903295058
230.04438575080843
212.54240506329114
209.6020635316545
247.70530469717352
249.8451384744208
207.6437539610677
237.94222279489745
210.0892329345531
203.7214911141727
219.4953275316926
221.79969001199314
203.90375365493455
192.72528572319368
213.76687526167166
179.70951727701123
214.87025316455694
208.9829113924051
184.04683544303793
169.19246118351316
198.61234688703664
205.33260716795502
175.0442726633872
164.05583489161992
177.26068072082245
187.67616741809914
155.76036542515814
146.78468025298667
145.1663075869313
146.08759885070765
127.41735769501052
115.2416249321722
126.32531645569621
110.45981230527143
115.14396988152022
131.76874849889253
126.86902781607763
127.70970627218304
117.27326046796075
112.92431460591176
145.72518836119093
143.0693391568891
181.23498644338125
194.6030415590168
185.6692847124825
181.30194097799307
196.19649614576034
204.78777582409376
209.74876043170627
203.05800210526107
202.40707569606798
171.31954552191579
189.29894810659187
196.85877286484094
150.39909337860783
143.2623729238946
114.69476179227874
123.42209640510814
109.29368863955119
104.72819074333802
96.06661991584852
67.59319775596073
