67.47861150070126
54.260751457887366
65.5631320224719
52.551685393258424
45.06959269662921
60.72801966292135
51.25435393258427
48.38609550561798
36.35912921348314
45.853370786516855
45.822823033707856
45.71500173711181
36.77212078651686
42.338623595505624
28.96952247191011
28.85426978685798
45.75316455696203
34.38101265822785
40.97060369324508
36.25840867992767
44.01871921182266
40.92322308233638
34.42828993666432
46.93560872624912
49.11907107670655
43.10492610837439
78.23166783954962
135.02513162720163
159.1335679099226
157.46170664380367
172.36432490936136
188.83734177215192
236.5866661024951
256.07153893806185
205.92983903295058
212.54438575080843
252.54240506329114
220.1020635316545
223.70530469717352
235.8451384744208
232.6437539610677
209.44222279489745
208.0892329345531
205.7214911141727
229.9953275316926
227.29969001199314
236.40375365493455
222.22528572319368
214.26687526167166
175.20951727701123
196.87025316455694
169.9829113924051
205.54683544303793
170.19246118351316
209.11234688703664
189.83260716795502
193.0442726633872
176.55583489161992
173.26068072082245
162.67616741809914
158.76036542515814
153.78468025298667
134.666307586931
135.58759885070765
141.41735769501054
141.74162493217221
122.82531645569621
118.45981230527143
139.1439698815202
110.26874849889253
109.36902781607763
118.70970627218304
130.27326046796077
135.42431460591177
137.72518836119093
170.0693391568891
174.23498644338125
169.1030415590168
162.1692847124825
159.80194097799307
181.19649614576034
180.28777582409376
183.74876043170627
189.55800210526107
203.40707569606798
211.81954552191579
162.29894810659187
188.35877286484094
171.89909337860783
163.7623729238946
128.69476179227874
124.92209640510814
96.29368863955119
102.72819074333802
79.56661991584852
68.59319775596073
