76.97861150070126
60.760751457887366
65.0631320224719
66.05168539325842
48.06959269662921
57.22801966292135
50.25435393258427
50.38609550561798
35.85912921348314
45.353370786516855
35.322823033707856
36.71500173711181
32.27212078651686
31.838623595505624
30.46952247191011
34.854269786857984
37.25316455696203
42.88101265822785
32.97060369324508
48.25840867992767
38.51871921182266
47.92322308233638
44.92828993666432
36.43560872624912
52.11907107670655
58.60492610837439
74.23166783954962
117.52513162720163
139.6335679099226
168.46170664380367
168.86432490936136
213.33734177215192
233.0866661024951
245.57153893806182
216.92983903295058
225.54438575080843
204.54240506329114
205.1020635316545
209.20530469717352
214.8451384744208
217.1437539610677
242.44222279489745
193.5892329345531
212.2214911141727
189.9953275316926
208.29969001199314
209.90375365493455
197.72528572319368
193.26687526167166
193.20951727701123
193.37025316455694
176.9829113924051
181.04683544303793
196.69246118351316
183.11234688703664
205.33260716795502
177.0442726633872
183.05583489161992
162.26068072082245
150.17616741809914
174.26036542515814
157.78468025298667
143.16630758693125
152.58759885070765
128.91735769501054
114.2416249321722
117.82531645569621
123.45981230527143
107.64396988152022
116.76874849889253
110.86902781607763
135.70970627218304
126.27326046796075
137.42431460591177
146.22518836119093
152.0693391568891
171.23498644338125
200.6030415590168
172.1692847124825
180.80194097799307
203.69649614576034
172.78777582409376
218.74876043170627
239.55800210526107
201.40707569606798
181.81954552191579
165.79894810659187
191.85877286484094
154.89909337860783
156.7623729238946
126.19476179227874
119.42209640510814
105.29368863955119
90.72819074333802
93.06661991584852
67.59319775596073
