74.47861150070126
61.760751457887366
63.063132022471905
59.551685393258424
47.56959269662921
45.22801966292135
49.75435393258427
43.88609550561798
50.85912921348314
48.353370786516855
33.822823033707856
46.21500173711181
42.77212078651686
34.838623595505624
34.46952247191011
41.854269786857984
31.253164556962027
34.38101265822785
30.47060369324508
45.25840867992767
32.01871921182266
40.92322308233638
44.42828993666432
36.93560872624912
45.11907107670655
54.60492610837439
61.231667839549615
113.52513162720163
135.1335679099226
155.96170664380367
192.86432490936136
191.83734177215192
238.5866661024951
212.07153893806182
227.92983903295058
222.54438575080843
205.04240506329114
209.1020635316545
251.70530469717352
205.8451384744208
199.6437539610677
210.94222279489745
205.0892329345531
184.7214911141727
197.4953275316926
211.29969001199314
187.90375365493455
220.22528572319368
197.76687526167166
200.70951727701123
178.37025316455694
172.9829113924051
171.54683544303793
163.69246118351316
175.61234688703664
201.83260716795502
172.0442726633872
175.55583489161992
173.76068072082245
150.67616741809914
177.26036542515814
164.78468025298667
157.66630758693168
135.08759885070765
141.41735769501054
127.2416249321722
131.82531645569622
114.95981230527143
128.6439698815202
116.26874849889253
120.86902781607763
118.20970627218304
131.77326046796077
143.92431460591177
132.72518836119093
148.0693391568891
161.73498644338125
197.1030415590168
206.6692847124825
166.80194097799307
197.19649614576034
188.78777582409376
203.24876043170627
214.05800210526107
193.90707569606798
211.81954552191579
174.79894810659187
171.85877286484094
187.89909337860783
139.2623729238946
119.19476179227874
107.42209640510814
92.79368863955119
92.22819074333802
85.06661991584852
67.59319775596073
