76.97861150070126
65.76075145788737
63.063132022471905
58.551685393258424
52.56959269662921
55.22801966292135
49.75435393258427
48.38609550561798
49.35912921348314
38.853370786516855
35.322823033707856
37.21500173711181
30.272120786516858
28.838623595505624
39.46952247191011
43.354269786857984
42.75316455696203
33.88101265822785
30.97060369324508
39.25840867992767
47.01871921182266
43.92322308233638
44.92828993666432
47.93560872624912
38.11907107670655
56.10492610837439
74.73166783954962
114.02513162720163
168.6335679099226
151.46170664380367
170.86432490936136
230.83734177215192
200.0866661024951
262.07153893806185
209.92983903295058
257.54438575080843
233.04240506329114
238.6020635316545
258.7053046971735
208.3451384744208
231.6437539610677
217.44222279489745
211.0892329345531
226.7214911141727
207.9953275316926
194.29969001199314
224.40375365493455
230.22528572319368
183.76687526167166
188.20951727701123
192.87025316455694
202.4829113924051
170.54683544303793
183.69246118351316
176.11234688703664
171.83260716795502
192.0442726633872
184.55583489161992
157.26068072082245
149.67616741809914
180.76036542515814
166.78468025298667
140.66630758693117
120.58759885070765
132.91735769501054
117.2416249321722
119.32531645569621
120.95981230527143
121.64396988152022
139.76874849889253
133.36902781607762
142.70970627218304
131.27326046796077
128.92431460591177
144.72518836119093
144.5693391568891
168.73498644338125
189.6030415590168
188.6692847124825
160.30194097799307
172.69649614576034
216.78777582409376
198.74876043170627
239.05800210526107
186.90707569606798
193.81954552191579
204.29894810659187
195.85877286484094
160.89909337860783
140.2623729238946
138.69476179227874
130.92209640510814
109.79368863955119
107.22819074333802
82.56661991584852
76.09319775596073
