64.97861150070126
69.76075145788737
54.063132022471905
64.55168539325842
50.56959269662921
50.22801966292135
56.75435393258427
47.38609550561798
41.85912921348314
49.853370786516855
36.322823033707856
36.71500173711181
40.27212078651686
32.838623595505624
29.96952247191011
29.35426978685798
40.25316455696203
33.88101265822785
45.47060369324508
41.25840867992767
32.51871921182266
45.92322308233638
48.42828993666432
39.93560872624912
48.61907107670655
45.60492610837439
75.73166783954962
124.52513162720163
151.6335679099226
173.96170664380367
191.36432490936136
223.33734177215192
208.0866661024951
215.07153893806182
208.92983903295058
227.04438575080843
243.54240506329114
228.1020635316545
219.20530469717352
220.8451384744208
219.6437539610677
242.94222279489745
192.5892329345531
215.2214911141727
233.4953275316926
224.29969001199314
231.90375365493455
187.22528572319368
181.26687526167166
177.70951727701123
189.37025316455694
207.4829113924051
201.54683544303793
175.69246118351316
183.61234688703664
202.33260716795502
197.0442726633872
170.55583489161992
164.26068072082245
185.67616741809914
149.26036542515814
164.78468025298667
137.6663075869311
150.08759885070765
140.41735769501054
117.7416249321722
116.82531645569621
109.45981230527143
118.14396988152022
136.26874849889253
120.36902781607763
131.20970627218304
114.77326046796075
139.42431460591177
124.72518836119094
138.0693391568891
178.23498644338125
165.6030415590168
198.6692847124825
169.80194097799307
203.69649614576034
196.28777582409376
227.74876043170627
236.05800210526107
228.90707569606798
195.31954552191579
203.29894810659187
184.85877286484094
147.89909337860783
132.7623729238946
144.19476179227874
109.92209640510814
110.79368863955119
104.72819074333802
98.56661991584852
71.09319775596073
