65.97861150070126
56.760751457887366
52.563132022471905
51.051685393258424
60.06959269662921
47.72801966292135
41.75435393258427
51.88609550561798
50.85912921348314
35.853370786516855
33.322823033707856
44.71500173711181
45.77212078651686
30.838623595505624
34.46952247191011
41.354269786857984
43.75316455696203
30.881012658227853
41.97060369324508
33.75840867992767
35.51871921182266
43.42322308233638
33.92828993666432
38.43560872624912
49.11907107670655
49.60492610837439
76.23166783954962
124.02513162720163
163.6335679099226
176.46170664380367
204.86432490936136
189.83734177215192
240.0866661024951
231.07153893806182
232.92983903295058
222.54438575080843
244.54240506329114
255.1020635316545
240.20530469717352
247.8451384744208
224.1437539610677
233.44222279489745
231.0892329345531
227.7214911141727
219.4953275316926
208.29969001199314
206.90375365493455
213.22528572319368
212.26687526167166
190.70951727701123
194.87025316455694
190.9829113924051
184.04683544303793
175.19246118351316
200.61234688703664
206.33260716795502
190.0442726633872
175.05583489161992
157.76068072082245
168.67616741809914
172.26036542515814
136.28468025298667
144.66630758693128
126.58759885070765
121.91735769501052
128.74162493217221
141.32531645569622
108.95981230527143
108.64396988152022
128.26874849889253
110.36902781607763
127.20970627218304
145.77326046796077
138.42431460591177
136.72518836119093
150.5693391568891
173.23498644338125
189.6030415590168
201.6692847124825
182.80194097799307
168.19649614576034
214.78777582409376
183.74876043170627
227.55800210526107
210.90707569606798
204.31954552191579
184.29894810659187
176.35877286484094
162.39909337860783
165.2623729238946
115.19476179227874
129.92209640510814
121.79368863955119
97.22819074333802
74.56661991584852
84.59319775596073
