74.97861150070126
55.760751457887366
70.0631320224719
57.551685393258424
62.06959269662921
59.22801966292135
51.75435393258427
46.88609550561798
40.35912921348314
46.853370786516855
35.822823033707856
44.71500173711181
37.27212078651686
33.838623595505624
34.46952247191011
28.85426978685798
29.753164556962027
40.38101265822785
35.97060369324508
42.25840867992767
36.01871921182266
51.42322308233638
41.92828993666432
47.93560872624912
53.61907107670655
46.10492610837439
70.23166783954962
110.52513162720163
173.6335679099226
180.96170664380367
195.36432490936136
195.33734177215192
221.0866661024951
208.57153893806182
214.92983903295058
203.04438575080843
209.04240506329114
204.1020635316545
239.20530469717352
251.8451384744208
233.6437539610677
192.44222279489745
218.0892329345531
192.7214911141727
184.9953275316926
219.29969001199314
202.90375365493455
199.72528572319368
183.76687526167166
191.20951727701123
209.87025316455694
190.4829113924051
162.04683544303793
195.69246118351316
179.11234688703664
182.33260716795502
168.5442726633872
174.05583489161992
151.76068072082245
149.17616741809914
144.26036542515814
165.78468025298667
134.666307586931
154.08759885070765
132.41735769501054
141.24162493217221
112.32531645569621
131.45981230527144
115.64396988152022
119.26874849889253
118.86902781607763
139.70970627218304
128.77326046796077
128.92431460591177
123.22518836119094
165.5693391568891
159.23498644338125
199.1030415590168
180.6692847124825
157.80194097799307
202.69649614576034
195.78777582409376
189.74876043170627
193.05800210526107
216.90707569606798
198.31954552191579
195.29894810659187
160.35877286484094
186.89909337860783
131.7623729238946
124.69476179227874
111.92209640510814
121.29368863955119
92.22819074333802
80.56661991584852
77.59319775596073
