70.97861150070126
58.760751457887366
54.563132022471905
64.05168539325842
58.06959269662921
50.72801966292135
49.25435393258427
41.38609550561798
38.85912921348314
44.853370786516855
45.322823033707856
49.21500173711181
30.772120786516858
43.838623595505624
43.46952247191011
30.35426978685798
37.75316455696203
30.381012658227853
41.47060369324508
31.75840867992767
37.51871921182266
39.92322308233638
44.92828993666432
46.93560872624912
49.11907107670655
47.10492610837439
66.73166783954962
118.02513162720163
173.6335679099226
175.46170664380367
180.86432490936136
191.33734177215192
203.0866661024951
260.07153893806185
216.42983903295058
230.04438575080843
245.04240506329114
209.1020635316545
231.20530469717352
236.8451384744208
199.1437539610677
243.44222279489745
208.5892329345531
214.7214911141727
188.4953275316926
222.79969001199314
199.40375365493455
222.72528572319368
227.76687526167166
187.70951727701123
180.37025316455694
166.4829113924051
176.04683544303793
166.19246118351316
178.61234688703664
168.33260716795502
197.5442726633872
168.55583489161992
157.26068072082245
175.67616741809914
163.76036542515814
140.28468025298667
148.1663075869314
144.08759885070765
125.91735769501052
139.74162493217221
120.32531645569621
136.45981230527144
139.6439698815202
132.26874849889253
137.86902781607762
140.20970627218304
123.27326046796075
145.92431460591177
131.22518836119093
148.5693391568891
161.73498644338125
193.6030415590168
169.6692847124825
183.30194097799307
181.19649614576034
216.28777582409376
225.74876043170627
238.05800210526107
203.90707569606798
189.81954552191579
179.29894810659187
157.85877286484094
186.39909337860783
157.7623729238946
140.69476179227874
108.42209640510814
115.29368863955119
98.72819074333802
84.06661991584852
84.09319775596073
