61.97861150070126
71.26075145788737
68.5631320224719
57.051685393258424
57.56959269662921
53.72801966292135
43.25435393258427
38.88609550561798
48.35912921348314
46.853370786516855
34.322823033707856
32.71500173711181
44.27212078651686
36.338623595505624
38.46952247191011
37.854269786857984
33.75316455696203
32.38101265822785
34.97060369324508
40.25840867992767
36.01871921182266
39.42322308233638
50.92828993666432
48.93560872624912
36.11907107670655
52.60492610837439
71.73166783954962
134.52513162720163
173.1335679099226
161.96170664380367
191.36432490936136
203.83734177215192
219.0866661024951
248.57153893806182
227.92983903295058
228.04438575080843
221.54240506329114
220.6020635316545
249.70530469717352
203.3451384744208
231.1437539610677
195.44222279489745
222.5892329345531
211.2214911141727
206.9953275316926
230.79969001199314
188.90375365493455
192.22528572319368
219.26687526167166
220.70951727701123
208.37025316455694
167.4829113924051
176.04683544303793
178.69246118351316
168.61234688703664
175.83260716795502
172.5442726633872
166.55583489161992
189.26068072082245
184.17616741809914
179.76036542515814
144.78468025298667
158.66630758693168
134.08759885070765
134.91735769501054
118.7416249321722
138.82531645569622
112.95981230527143
130.6439698815202
119.76874849889253
114.36902781607763
132.70970627218304
128.27326046796077
114.92431460591176
152.72518836119093
169.0693391568891
175.23498644338125
184.1030415590168
186.6692847124825
178.30194097799307
186.19649614576034
196.28777582409376
188.74876043170627
199.05800210526107
188.40707569606798
174.81954552191579
189.29894810659187
157.85877286484094
183.89909337860783
138.7623729238946
118.19476179227874
104.92209640510814
108.79368863955119
90.22819074333802
94.06661991584852
70.09319775596073
