66.47861150070126
54.760751457887366
60.563132022471905
66.05168539325842
47.56959269662921
47.22801966292135
52.75435393258427
37.38609550561798
46.35912921348314
52.353370786516855
33.322823033707856
45.71500173711181
41.77212078651686
30.338623595505624
40.46952247191011
33.354269786857984
41.75316455696203
44.88101265822785
34.97060369324508
41.75840867992767
34.01871921182266
34.42322308233638
42.42828993666432
47.43560872624912
41.61907107670655
48.60492610837439
64.23166783954962
138.02513162720163
137.6335679099226
169.96170664380367
190.36432490936136
185.33734177215192
213.0866661024951
218.57153893806182
207.42983903295058
232.04438575080843
205.54240506329114
248.6020635316545
260.2053046971735
248.8451384744208
238.6437539610677
241.44222279489745
201.5892329345531
234.2214911141727
205.4953275316926
225.79969001199314
192.40375365493455
212.72528572319368
200.26687526167166
179.20951727701123
184.87025316455694
183.9829113924051
163.54683544303793
200.19246118351316
170.61234688703664
188.33260716795502
198.5442726633872
176.55583489161992
169.26068072082245
174.67616741809914
170.26036542515814
142.78468025298667
137.16630758693108
122.58759885070765
130.41735769501054
119.2416249321722
134.32531645569622
139.95981230527144
131.1439698815202
132.26874849889253
131.36902781607762
136.70970627218304
144.77326046796077
136.42431460591177
121.22518836119094
153.5693391568891
157.23498644338125
176.1030415590168
167.6692847124825
194.80194097799307
170.69649614576034
174.28777582409376
188.74876043170627
230.55800210526107
219.90707569606798
179.81954552191579
181.79894810659187
173.85877286484094
159.39909337860783
157.7623729238946
144.69476179227874
101.92209640510814
102.29368863955119
91.72819074333802
87.06661991584852
88.09319775596073
