63.47861150070126
69.26075145788737
59.063132022471905
64.55168539325842
55.06959269662921
47.22801966292135
55.25435393258427
38.88609550561798
36.85912921348314
38.353370786516855
43.822823033707856
44.71500173711181
39.77212078651686
34.338623595505624
43.96952247191011
40.354269786857984
34.25316455696203
31.881012658227853
38.97060369324508
43.25840867992767
36.51871921182266
45.42322308233638
37.42828993666432
40.93560872624912
41.11907107670655
42.60492610837439
66.73166783954962
140.52513162720163
146.1335679099226
154.46170664380367
163.86432490936136
210.33734177215192
230.5866661024951
232.57153893806182
213.92983903295058
245.54438575080843
220.54240506329114
210.1020635316545
208.20530469717352
213.8451384744208
240.1437539610677
206.94222279489745
192.0892329345531
218.7214911141727
192.9953275316926
215.29969001199314
236.40375365493455
213.22528572319368
202.76687526167166
194.20951727701123
203.87025316455694
202.4829113924051
205.04683544303793
162.19246118351316
182.61234688703664
202.83260716795502
177.0442726633872
155.55583489161992
156.26068072082245
180.67616741809914
181.76036542515814
152.28468025298667
156.66630758693162
155.08759885070765
125.91735769501052
125.2416249321722
116.82531645569621
122.95981230527143
119.14396988152022
117.26874849889253
135.36902781607762
125.70970627218304
114.77326046796075
124.42431460591176
133.22518836119093
160.5693391568891
158.73498644338125
171.6030415590168
196.1692847124825
166.30194097799307
169.19649614576034
183.28777582409376
200.24876043170627
189.55800210526107
225.90707569606798
205.81954552191579
189.29894810659187
181.35877286484094
160.39909337860783
167.2623729238946
136.69476179227874
106.92209640510814
110.79368863955119
101.22819074333802
86.06661991584852
87.09319775596073
