63.97861150070126
68.76075145788737
60.063132022471905
53.551685393258424
52.56959269662921
47.72801966292135
54.75435393258427
43.38609550561798
37.35912921348314
39.853370786516855
42.322823033707856
43.21500173711181
30.772120786516858
39.338623595505624
32.46952247191011
44.354269786857984
32.75316455696203
29.381012658227853
31.97060369324508
34.25840867992767
44.51871921182266
36.92322308233638
39.42828993666432
48.93560872624912
44.11907107670655
60.60492610837439
74.23166783954962
130.52513162720163
150.6335679099226
171.96170664380367
187.36432490936136
215.33734177215192
205.0866661024951
254.07153893806182
207.92983903295058
235.04438575080843
232.54240506329114
234.6020635316545
249.70530469717352
200.3451384744208
229.6437539610677
192.94222279489745
209.0892329345531
212.7214911141727
186.4953275316926
204.79969001199314
208.40375365493455
202.72528572319368
211.26687526167166
220.70951727701123
184.37025316455694
176.4829113924051
163.04683544303793
195.69246118351316
164.61234688703664
167.33260716795502
167.0442726633872
159.05583489161992
175.76068072082245
167.67616741809914
146.76036542515814
142.28468025298667
133.16630758693097
125.08759885070765
153.41735769501054
132.74162493217221
111.32531645569621
108.45981230527143
108.64396988152022
110.26874849889253
119.86902781607763
110.70970627218304
134.27326046796077
115.92431460591176
145.72518836119093
168.0693391568891
172.73498644338125
191.1030415590168
180.6692847124825
160.30194097799307
175.69649614576034
180.28777582409376
197.24876043170627
191.55800210526107
185.90707569606798
183.81954552191579
188.79894810659187
166.85877286484094
184.89909337860783
152.2623729238946
118.69476179227874
110.42209640510814
113.79368863955119
100.72819074333802
98.56661991584852
77.59319775596073
