78.97861150070126
73.26075145788737
58.063132022471905
49.551685393258424
61.56959269662921
51.22801966292135
44.25435393258427
36.88609550561798
43.85912921348314
41.853370786516855
39.322823033707856
41.21500173711181
41.27212078651686
36.838623595505624
34.96952247191011
37.854269786857984
34.25316455696203
33.38101265822785
30.47060369324508
39.25840867992767
33.51871921182266
38.92322308233638
45.42828993666432
42.43560872624912
45.11907107670655
60.10492610837439
84.73166783954962
127.52513162720163
167.6335679099226
176.46170664380367
207.86432490936136
213.83734177215192
201.0866661024951
239.07153893806182
214.92983903295058
247.54438575080843
248.04240506329114
204.1020635316545
259.7053046971735
241.3451384744208
226.6437539610677
231.94222279489745
189.0892329345531
205.2214911141727
230.9953275316926
217.29969001199314
229.40375365493455
198.22528572319368
213.76687526167166
208.70951727701123
214.87025316455694
168.4829113924051
190.04683544303793
192.69246118351316
180.11234688703664
201.83260716795502
183.5442726633872
161.55583489161992
159.76068072082245
148.17616741809914
150.26036542515814
145.28468025298667
155.1663075869316
130.58759885070765
126.41735769501052
139.24162493217221
140.32531645569622
113.95981230527143
123.64396988152022
120.76874849889253
116.86902781607763
114.20970627218304
117.27326046796075
126.92431460591176
156.22518836119093
153.5693391568891
177.73498644338125
200.1030415590168
185.1692847124825
177.30194097799307
174.69649614576034
214.28777582409376
220.24876043170627
215.55800210526107
190.40707569606798
168.31954552191579
176.29894810659187
188.35877286484094
165.89909337860783
153.2623729238946
136.69476179227874
101.92209640510814
106.79368863955119
91.72819074333802
83.06661991584852
82.09319775596073
