82.97861150070126
63.260751457887366
58.063132022471905
64.55168539325842
53.56959269662921
57.22801966292135
44.25435393258427
41.88609550561798
46.35912921348314
50.853370786516855
33.822823033707856
35.71500173711181
35.77212078651686
41.338623595505624
39.96952247191011
30.35426978685798
36.25316455696203
43.38101265822785
44.97060369324508
45.25840867992767
48.01871921182266
47.42322308233638
39.42828993666432
49.43560872624912
39.61907107670655
53.10492610837439
77.73166783954962
136.02513162720163
158.1335679099226
179.96170664380367
174.36432490936136
229.33734177215192
250.0866661024951
246.57153893806182
243.92983903295058
223.04438575080843
220.04240506329114
239.6020635316545
262.2053046971735
222.3451384744208
243.1437539610677
223.94222279489745
206.0892329345531
185.2214911141727
208.4953275316926
226.79969001199314
215.40375365493455
201.22528572319368
183.26687526167166
213.70951727701123
191.87025316455694
177.9829113924051
176.04683544303793
185.19246118351316
188.61234688703664
182.33260716795502
191.0442726633872
162.05583489161992
167.76068072082245
182.17616741809914
162.76036542515814
134.28468025298667
140.16630758693117
150.58759885070765
130.41735769501054
135.24162493217221
118.32531645569621
119.95981230527143
127.64396988152022
127.26874849889253
123.86902781607763
134.70970627218304
114.27326046796075
132.42431460591177
129.22518836119093
151.5693391568891
166.23498644338125
200.6030415590168
168.6692847124825
159.30194097799307
169.69649614576034
204.28777582409376
200.24876043170627
220.55800210526107
190.90707569606798
177.81954552191579
201.79894810659187
161.35877286484094
161.39909337860783
165.7623729238946
145.19476179227874
132.42209640510814
101.79368863955119
110.22819074333802
92.56661991584852
70.59319775596073
