66.97861150070126
60.760751457887366
67.5631320224719
56.551685393258424
53.06959269662921
53.22801966292135
38.75435393258427
54.88609550561798
51.35912921348314
44.853370786516855
46.322823033707856
49.21500173711181
34.27212078651686
34.338623595505624
43.46952247191011
43.854269786857984
35.75316455696203
41.88101265822785
37.97060369324508
41.25840867992767
48.01871921182266
48.42322308233638
42.92828993666432
42.43560872624912
47.11907107670655
53.10492610837439
64.73166783954962
127.02513162720163
159.6335679099226
151.46170664380367
201.36432490936136
227.33734177215192
250.0866661024951
238.57153893806182
249.92983903295058
249.54438575080843
239.04240506329114
251.6020635316545
257.7053046971735
207.8451384744208
246.6437539610677
244.44222279489745
208.0892329345531
190.2214911141727
231.4953275316926
205.29969001199314
216.40375365493455
194.22528572319368
223.26687526167166
207.20951727701123
196.87025316455694
192.4829113924051
190.04683544303793
173.19246118351316
179.11234688703664
205.33260716795502
176.5442726633872
193.55583489161992
168.76068072082245
167.17616741809914
144.26036542515814
139.78468025298667
156.16630758693162
125.08759885070765
142.91735769501054
142.74162493217221
135.32531645569622
115.95981230527143
134.1439698815202
134.26874849889253
121.86902781607763
123.70970627218304
131.77326046796077
125.92431460591176
133.22518836119093
134.0693391568891
179.73498644338125
170.6030415590168
183.1692847124825
201.30194097799307
169.19649614576034
209.28777582409376
187.24876043170627
190.55800210526107
192.90707569606798
185.31954552191579
199.79894810659187
158.85877286484094
186.39909337860783
139.7623729238946
116.69476179227874
106.92209640510814
113.29368863955119
95.22819074333802
80.06661991584852
74.09319775596073
