69.47861150070126
74.76075145788737
66.5631320224719
58.551685393258424
63.06959269662921
55.72801966292135
53.25435393258427
46.38609550561798
46.85912921348314
37.353370786516855
41.322823033707856
38.21500173711181
32.27212078651686
31.838623595505624
31.46952247191011
42.354269786857984
41.75316455696203
33.88101265822785
32.47060369324508
33.25840867992767
43.01871921182266
40.42322308233638
37.42828993666432
51.43560872624912
42.61907107670655
45.60492610837439
82.73166783954962
132.02513162720163
149.1335679099226
148.46170664380367
188.86432490936136
206.83734177215192
222.0866661024951
239.57153893806182
251.92983903295058
240.04438575080843
244.04240506329114
213.6020635316545
215.70530469717352
228.8451384744208
229.6437539610677
223.44222279489745
221.0892329345531
202.2214911141727
229.4953275316926
202.79969001199314
212.40375365493455
215.22528572319368
207.76687526167166
218.70951727701123
171.87025316455694
199.9829113924051
205.54683544303793
168.69246118351316
183.61234688703664
173.33260716795502
176.0442726633872
184.05583489161992
165.26068072082245
163.67616741809914
157.76036542515814
144.78468025298667
145.66630758693134
135.08759885070765
126.41735769501052
119.7416249321722
127.82531645569621
117.95981230527143
134.6439698815202
132.26874849889253
132.86902781607762
135.20970627218304
128.77326046796077
123.92431460591176
129.22518836119093
141.0693391568891
177.73498644338125
182.1030415590168
177.1692847124825
181.30194097799307
188.19649614576034
191.28777582409376
220.24876043170627
227.05800210526107
211.40707569606798
173.31954552191579
187.29894810659187
195.35877286484094
148.39909337860783
130.7623729238946
137.19476179227874
105.92209640510814
97.29368863955119
84.72819074333802
89.56661991584852
77.09319775596073
