72.97861150070126
54.260751457887366
55.563132022471905
48.051685393258424
60.56959269662921
43.22801966292135
47.25435393258427
50.38609550561798
36.35912921348314
47.853370786516855
36.822823033707856
37.21500173711181
42.77212078651686
30.838623595505624
30.96952247191011
39.854269786857984
44.25316455696203
43.38101265822785
37.47060369324508
44.75840867992767
47.01871921182266
45.42322308233638
46.92828993666432
50.43560872624912
42.11907107670655
47.60492610837439
71.23166783954962
132.02513162720163
169.1335679099226
187.96170664380367
208.36432490936136
205.83734177215192
239.5866661024951
252.07153893806182
246.42983903295058
253.04438575080843
230.04240506329114
237.1020635316545
261.7053046971735
206.8451384744208
248.1437539610677
220.94222279489745
223.0892329345531
231.7214911141727
217.4953275316926
230.29969001199314
237.40375365493455
195.22528572319368
227.76687526167166
190.20951727701123
172.87025316455694
176.4829113924051
169.04683544303793
168.19246118351316
167.61234688703664
185.33260716795502
173.5442726633872
161.05583489161992
188.26068072082245
161.17616741809914
183.76036542515814
137.28468025298667
141.66630758693123
128.58759885070765
134.91735769501054
124.2416249321722
130.82531645569622
129.95981230527144
128.6439698815202
114.76874849889253
113.36902781607763
124.20970627218304
115.27326046796075
143.92431460591177
131.72518836119093
150.0693391568891
182.73498644338125
162.1030415590168
165.1692847124825
182.80194097799307
172.19649614576034
216.78777582409376
211.74876043170627
220.55800210526107
182.90707569606798
191.31954552191579
162.79894810659187
155.85877286484094
188.39909337860783
163.2623729238946
148.19476179227874
119.42209640510814
120.79368863955119
106.72819074333802
89.56661991584852
80.09319775596073
