80.47861150070126
53.760751457887366
54.063132022471905
48.051685393258424
62.06959269662921
52.72801966292135
52.75435393258427
40.38609550561798
38.85912921348314
42.853370786516855
48.322823033707856
44.71500173711181
44.77212078651686
38.338623595505624
42.46952247191011
41.854269786857984
44.75316455696203
37.38101265822785
33.97060369324508
32.75840867992767
40.51871921182266
34.92322308233638
34.42828993666432
39.43560872624912
39.11907107670655
52.10492610837439
81.23166783954962
140.02513162720163
147.6335679099226
174.96170664380367
208.36432490936136
203.33734177215192
202.5866661024951
255.07153893806182
223.92983903295058
253.04438575080843
219.54240506329114
245.1020635316545
234.20530469717352
224.3451384744208
208.1437539610677
196.94222279489745
236.5892329345531
195.7214911141727
223.9953275316926
194.29969001199314
230.90375365493455
203.72528572319368
213.76687526167166
180.20951727701123
201.87025316455694
167.4829113924051
191.04683544303793
202.69246118351316
190.11234688703664
178.33260716795502
193.0442726633872
161.05583489161992
179.76068072082245
187.67616741809914
150.26036542515814
134.78468025298667
137.6663075869311
135.08759885070765
127.91735769501052
137.74162493217221
111.82531645569621
107.95981230527143
130.6439698815202
129.26874849889253
123.36902781607763
119.20970627218304
129.27326046796077
114.92431460591176
133.72518836119093
171.0693391568891
169.73498644338125
175.6030415590168
194.1692847124825
188.80194097799307
184.19649614576034
196.28777582409376
185.24876043170627
214.05800210526107
196.90707569606798
171.31954552191579
182.29894810659187
194.85877286484094
171.89909337860783
138.7623729238946
121.69476179227874
112.92209640510814
119.79368863955119
87.22819074333802
86.56661991584852
86.09319775596073
