69.97861150070126
72.26075145788737
61.563132022471905
47.051685393258424
46.06959269662921
56.22801966292135
47.25435393258427
40.88609550561798
49.85912921348314
41.353370786516855
49.822823033707856
44.21500173711181
37.27212078651686
38.838623595505624
39.46952247191011
28.35426978685798
31.253164556962027
43.88101265822785
33.97060369324508
39.75840867992767
32.01871921182266
45.42322308233638
44.42828993666432
50.93560872624912
44.11907107670655
59.60492610837439
69.23166783954962
118.52513162720163
153.1335679099226
185.46170664380367
165.36432490936136
228.33734177215192
243.5866661024951
244.07153893806182
207.42983903295058
239.04438575080843
209.54240506329114
256.1020635316545
243.20530469717352
208.3451384744208
204.6437539610677
204.94222279489745
222.0892329345531
194.2214911141727
195.4953275316926
233.79969001199314
217.90375365493455
198.72528572319368
195.26687526167166
177.20951727701123
171.37025316455694
204.9829113924051
174.04683544303793
164.69246118351316
165.11234688703664
179.33260716795502
162.0442726633872
172.05583489161992
189.76068072082245
184.17616741809914
156.76036542515814
159.28468025298667
134.166307586931
147.58759885070765
138.41735769501054
142.74162493217221
142.82531645569622
120.95981230527143
114.14396988152022
125.26874849889253
122.86902781607763
143.20970627218304
130.27326046796077
140.92431460591177
143.22518836119093
154.0693391568891
152.23498644338125
162.6030415590168
169.1692847124825
183.30194097799307
187.69649614576034
182.78777582409376
189.24876043170627
199.55800210526107
199.40707569606798
171.81954552191579
191.79894810659187
161.35877286484094
171.89909337860783
165.2623729238946
142.69476179227874
117.42209640510814
108.79368863955119
82.22819074333802
87.06661991584852
83.59319775596073
