67.97861150070126
66.76075145788737
55.063132022471905
56.051685393258424
45.06959269662921
51.72801966292135
55.75435393258427
37.38609550561798
38.35912921348314
39.353370786516855
41.822823033707856
34.71500173711181
32.77212078651686
44.338623595505624
39.46952247191011
40.854269786857984
42.25316455696203
43.38101265822785
45.47060369324508
34.75840867992767
35.51871921182266
46.42322308233638
36.42828993666432
47.93560872624912
43.11907107670655
49.10492610837439
65.23166783954962
124.52513162720163
168.6335679099226
162.46170664380367
169.86432490936136
204.83734177215192
207.0866661024951
230.07153893806182
249.92983903295058
206.54438575080843
249.54240506329114
232.6020635316545
233.70530469717352
218.8451384744208
226.1437539610677
209.44222279489745
204.0892329345531
184.7214911141727
190.4953275316926
207.29969001199314
193.90375365493455
195.22528572319368
218.26687526167166
190.20951727701123
213.87025316455694
209.4829113924051
173.04683544303793
191.69246118351316
170.61234688703664
167.33260716795502
181.5442726633872
182.55583489161992
152.76068072082245
167.67616741809914
160.76036542515814
173.28468025298667
141.66630758693123
149.58759885070765
125.91735769501052
134.74162493217221
129.32531645569622
131.95981230527144
108.64396988152022
123.26874849889253
126.86902781607763
118.70970627218304
119.27326046796075
127.42431460591176
129.72518836119093
156.5693391568891
164.73498644338125
189.6030415590168
171.6692847124825
197.80194097799307
189.19649614576034
190.78777582409376
216.24876043170627
194.05800210526107
180.90707569606798
168.81954552191579
181.29894810659187
167.85877286484094
186.39909337860783
155.2623729238946
131.19476179227874
125.92209640510814
101.79368863955119
89.72819074333802
98.06661991584852
82.09319775596073
