72.47861150070126
59.760751457887366
58.563132022471905
50.551685393258424
60.06959269662921
50.22801966292135
52.75435393258427
37.38609550561798
48.35912921348314
40.353370786516855
43.822823033707856
39.21500173711181
40.77212078651686
40.338623595505624
35.96952247191011
28.85426978685798
38.25316455696203
36.88101265822785
33.47060369324508
32.25840867992767
46.01871921182266
36.42322308233638
46.42828993666432
49.93560872624912
51.11907107670655
54.10492610837439
84.23166783954962
127.02513162720163
148.1335679099226
178.46170664380367
197.86432490936136
213.83734177215192
202.5866661024951
235.57153893806182
227.42983903295058
216.04438575080843
247.04240506329114
233.1020635316545
215.70530469717352
236.8451384744208
241.6437539610677
239.94222279489745
221.0892329345531
190.7214911141727
230.4953275316926
203.29969001199314
228.40375365493455
191.72528572319368
191.26687526167166
203.70951727701123
170.37025316455694
169.9829113924051
168.04683544303793
202.19246118351316
167.61234688703664
164.83260716795502
198.0442726633872
157.55583489161992
170.26068072082245
180.17616741809914
167.76036542515814
168.28468025298667
155.1663075869316
126.58759885070765
121.91735769501052
115.2416249321722
132.32531645569622
131.95981230527144
120.64396988152022
140.76874849889253
127.86902781607763
118.70970627218304
143.27326046796077
125.92431460591176
151.72518836119093
158.5693391568891
144.73498644338125
193.1030415590168
176.6692847124825
176.80194097799307
207.19649614576034
184.78777582409376
181.74876043170627
226.55800210526107
224.40707569606798
185.81954552191579
177.79894810659187
186.35877286484094
156.39909337860783
135.7623729238946
142.19476179227874
116.42209640510814
110.29368863955119
85.72819074333802
95.06661991584852
81.09319775596073
