70.97861150070126
59.760751457887366
63.563132022471905
62.551685393258424
61.06959269662921
54.22801966292135
40.75435393258427
42.88609550561798
49.85912921348314
47.353370786516855
43.322823033707856
39.71500173711181
30.772120786516858
29.838623595505624
41.96952247191011
43.354269786857984
45.75316455696203
34.38101265822785
38.47060369324508
34.75840867992767
38.51871921182266
41.42322308233638
35.92828993666432
37.93560872624912
48.61907107670655
47.60492610837439
80.73166783954962
142.52513162720163
165.1335679099226
148.46170664380367
202.36432490936136
194.33734177215192
225.5866661024951
251.07153893806182
234.92983903295058
216.04438575080843
227.54240506329114
246.1020635316545
221.20530469717352
244.3451384744208
232.1437539610677
232.94222279489745
218.0892329345531
221.7214911141727
203.9953275316926
189.79969001199314
189.90375365493455
214.72528572319368
204.76687526167166
179.70951727701123
179.37025316455694
190.4829113924051
182.54683544303793
174.69246118351316
183.61234688703664
201.33260716795502
196.5442726633872
174.05583489161992
162.26068072082245
176.67616741809914
143.76036542515814
134.28468025298667
156.66630758693162
122.08759885070765
145.91735769501054
125.7416249321722
131.32531645569622
137.45981230527144
136.6439698815202
136.76874849889253
115.86902781607763
109.20970627218304
123.27326046796075
134.92431460591177
126.72518836119094
165.5693391568891
166.23498644338125
173.1030415590168
165.1692847124825
185.80194097799307
205.19649614576034
194.28777582409376
185.74876043170627
195.55800210526107
211.40707569606798
205.31954552191579
179.79894810659187
167.85877286484094
177.89909337860783
143.7623729238946
137.69476179227874
101.42209640510814
120.79368863955119
103.72819074333802
73.56661991584852
87.59319775596073
