83.47861150070126
66.76075145788737
62.063132022471905
53.051685393258424
53.56959269662921
42.72801966292135
40.25435393258427
50.38609550561798
46.85912921348314
42.353370786516855
38.822823033707856
34.71500173711181
42.27212078651686
42.838623595505624
32.46952247191011
30.35426978685798
30.253164556962027
43.38101265822785
36.47060369324508
41.25840867992767
45.01871921182266
41.42322308233638
37.92828993666432
39.43560872624912
42.61907107670655
59.60492610837439
68.23166783954962
109.52513162720163
155.6335679099226
184.96170664380367
184.86432490936136
211.83734177215192
200.0866661024951
240.57153893806182
203.42983903295058
255.04438575080843
256.54240506329114
253.1020635316545
211.70530469717352
205.3451384744208
219.1437539610677
194.44222279489745
221.5892329345531
224.2214911141727
214.4953275316926
212.79969001199314
232.90375365493455
197.22528572319368
189.26687526167166
195.20951727701123
210.87025316455694
165.4829113924051
192.04683544303793
194.69246118351316
186.11234688703664
165.83260716795502
207.0442726633872
161.55583489161992
155.76068072082245
172.67616741809914
172.26036542515814
169.28468025298667
151.6663075869315
151.58759885070765
137.91735769501054
123.7416249321722
130.82531645569622
124.95981230527143
112.64396988152022
125.26874849889253
115.36902781607763
139.20970627218304
125.27326046796075
139.42431460591177
137.72518836119093
166.5693391568891
170.23498644338125
174.1030415590168
205.1692847124825
191.80194097799307
209.19649614576034
187.28777582409376
210.24876043170627
222.55800210526107
179.90707569606798
180.81954552191579
161.79894810659187
191.35877286484094
178.39909337860783
139.2623729238946
125.19476179227874
132.92209640510814
107.29368863955119
90.22819074333802
87.56661991584852
82.09319775596073
