63.47861150070126
64.76075145788737
64.5631320224719
54.551685393258424
59.56959269662921
54.72801966292135
49.25435393258427
48.88609550561798
42.35912921348314
39.853370786516855
38.822823033707856
48.71500173711181
39.77212078651686
43.338623595505624
31.46952247191011
42.354269786857984
33.75316455696203
33.38101265822785
34.47060369324508
38.75840867992767
32.51871921182266
40.42322308233638
40.42828993666432
36.93560872624912
47.61907107670655
54.10492610837439
74.23166783954962
132.52513162720163
150.1335679099226
179.96170664380367
164.86432490936136
188.33734177215192
212.5866661024951
231.07153893806182
249.42983903295058
232.04438575080843
230.04240506329114
208.6020635316545
208.70530469717352
203.8451384744208
214.6437539610677
222.44222279489745
199.5892329345531
184.7214911141727
227.9953275316926
207.79969001199314
192.90375365493455
233.72528572319368
218.26687526167166
210.70951727701123
168.37025316455694
167.9829113924051
172.04683544303793
205.19246118351316
165.61234688703664
178.83260716795502
167.5442726633872
194.55583489161992
159.76068072082245
167.17616741809914
176.76036542515814
165.78468025298667
131.1663075869309
125.08759885070765
124.91735769501052
117.2416249321722
142.32531645569622
125.95981230527143
125.64396988152022
139.76874849889253
106.86902781607763
117.70970627218304
144.27326046796077
114.92431460591176
126.22518836119094
133.0693391568891
149.23498644338125
164.1030415590168
205.1692847124825
178.30194097799307
199.19649614576034
197.28777582409376
183.24876043170627
221.55800210526107
206.40707569606798
200.81954552191579
203.29894810659187
168.85877286484094
168.89909337860783
163.7623729238946
121.19476179227874
114.92209640510814
114.79368863955119
102.22819074333802
92.06661991584852
90.59319775596073
