80.47861150070126
62.260751457887366
63.563132022471905
58.551685393258424
55.56959269662921
55.72801966292135
42.75435393258427
41.88609550561798
48.35912921348314
51.353370786516855
42.822823033707856
43.71500173711181
35.77212078651686
32.338623595505624
43.96952247191011
34.854269786857984
31.753164556962027
33.38101265822785
40.97060369324508
39.25840867992767
45.51871921182266
34.42322308233638
40.42828993666432
35.43560872624912
36.11907107670655
51.10492610837439
64.23166783954962
131.02513162720163
138.1335679099226
147.46170664380367
190.36432490936136
201.83734177215192
247.0866661024951
221.07153893806182
218.42983903295058
220.54438575080843
212.04240506329114
229.6020635316545
241.20530469717352
253.8451384744208
229.1437539610677
227.44222279489745
195.0892329345531
226.2214911141727
206.4953275316926
198.79969001199314
189.90375365493455
206.72528572319368
198.26687526167166
183.70951727701123
208.87025316455694
172.4829113924051
178.04683544303793
190.69246118351316
183.61234688703664
177.83260716795502
169.5442726633872
173.55583489161992
179.26068072082245
162.17616741809914
158.26036542515814
150.78468025298667
135.16630758693103
140.08759885070765
149.41735769501054
143.74162493217221
143.32531645569622
113.95981230527143
139.1439698815202
112.26874849889253
118.36902781607763
113.20970627218304
123.77326046796075
115.42431460591176
135.72518836119093
146.0693391568891
172.23498644338125
159.1030415590168
204.1692847124825
168.30194097799307
186.19649614576034
185.28777582409376
220.74876043170627
227.05800210526107
198.40707569606798
178.81954552191579
169.79894810659187
191.35877286484094
159.89909337860783
168.2623729238946
141.19476179227874
107.92209640510814
91.79368863955119
104.72819074333802
76.06661991584852
79.59319775596073
