61.97861150070126
60.760751457887366
51.063132022471905
54.051685393258424
48.56959269662921
56.22801966292135
54.25435393258427
48.88609550561798
42.85912921348314
46.353370786516855
48.822823033707856
35.71500173711181
45.27212078651686
29.838623595505624
37.46952247191011
34.354269786857984
31.753164556962027
38.38101265822785
36.47060369324508
47.25840867992767
42.01871921182266
43.42322308233638
38.42828993666432
38.43560872624912
42.61907107670655
49.60492610837439
73.23166783954962
133.02513162720163
137.6335679099226
161.46170664380367
201.86432490936136
193.33734177215192
245.5866661024951
250.57153893806182
202.42983903295058
209.04438575080843
254.04240506329114
205.1020635316545
238.70530469717352
202.3451384744208
204.1437539610677
239.94222279489745
220.0892329345531
232.2214911141727
224.4953275316926
210.29969001199314
219.40375365493455
185.22528572319368
209.26687526167166
221.20951727701123
177.37025316455694
209.9829113924051
199.54683544303793
162.69246118351316
164.61234688703664
165.33260716795502
179.5442726633872
176.55583489161992
172.26068072082245
153.17616741809914
142.76036542515814
152.28468025298667
128.16630758693083
123.58759885070765
122.91735769501052
129.74162493217221
124.82531645569621
132.45981230527144
139.1439698815202
131.76874849889253
108.86902781607763
114.70970627218304
130.27326046796077
114.42431460591176
153.22518836119093
150.0693391568891
182.23498644338125
158.1030415590168
166.6692847124825
193.80194097799307
199.19649614576034
184.28777582409376
188.24876043170627
226.05800210526107
214.40707569606798
183.81954552191579
195.29894810659187
195.35877286484094
175.89909337860783
168.2623729238946
140.19476179227874
105.92209640510814
109.79368863955119
98.72819074333802
96.56661991584852
66.59319775596073
