71.97861150070126
60.260751457887366
67.0631320224719
60.551685393258424
49.06959269662921
55.22801966292135
50.75435393258427
40.38609550561798
36.35912921348314
44.353370786516855
47.322823033707856
49.21500173711181
45.77212078651686
41.838623595505624
35.46952247191011
40.854269786857984
34.75316455696203
29.381012658227853
44.97060369324508
41.75840867992767
42.51871921182266
34.42322308233638
49.92828993666432
34.43560872624912
40.11907107670655
51.10492610837439
82.23166783954962
132.52513162720163
134.1335679099226
180.46170664380367
199.36432490936136
181.83734177215192
249.5866661024951
212.07153893806182
202.42983903295058
241.04438575080843
258.04240506329114
234.6020635316545
241.70530469717352
227.3451384744208
220.1437539610677
213.44222279489745
195.0892329345531
219.7214911141727
184.9953275316926
232.79969001199314
213.40375365493455
230.22528572319368
190.26687526167166
192.20951727701123
189.87025316455694
209.4829113924051
163.04683544303793
189.69246118351316
181.61234688703664
200.83260716795502
199.0442726633872
188.55583489161992
172.26068072082245
189.17616741809914
154.26036542515814
153.28468025298667
132.16630758693094
141.58759885070765
130.41735769501054
132.74162493217221
117.82531645569621
136.45981230527144
122.64396988152022
132.26874849889253
137.36902781607762
123.20970627218304
121.77326046796075
120.92431460591176
132.72518836119093
141.5693391568891
149.23498644338125
199.1030415590168
181.1692847124825
177.80194097799307
178.19649614576034
197.78777582409376
230.24876043170627
221.55800210526107
207.40707569606798
200.81954552191579
186.29894810659187
170.85877286484094
179.89909337860783
138.7623729238946
115.19476179227874
111.42209640510814
97.29368863955119
101.22819074333802
76.56661991584852
80.59319775596073
