68.47861150070126
57.760751457887366
70.5631320224719
51.551685393258424
61.56959269662921
51.22801966292135
40.75435393258427
51.88609550561798
44.35912921348314
36.353370786516855
35.322823033707856
40.21500173711181
29.772120786516858
40.838623595505624
33.96952247191011
35.354269786857984
36.75316455696203
45.88101265822785
44.47060369324508
42.25840867992767
47.01871921182266
44.42322308233638
34.42828993666432
42.93560872624912
46.61907107670655
60.10492610837439
63.731667839549615
142.52513162720163
151.1335679099226
146.46170664380367
196.36432490936136
225.33734177215192
241.0866661024951
228.57153893806182
256.42983903295055
204.04438575080843
257.04240506329114
228.1020635316545
253.20530469717352
230.8451384744208
211.6437539610677
195.94222279489745
227.5892329345531
204.7214911141727
208.9953275316926
197.79969001199314
215.40375365493455
230.72528572319368
224.76687526167166
185.20951727701123
196.37025316455694
194.9829113924051
177.54683544303793
203.69246118351316
200.11234688703664
182.83260716795502
196.5442726633872
165.55583489161992
159.76068072082245
148.17616741809914
142.76036542515814
139.28468025298667
156.16630758693162
122.58759885070765
126.91735769501052
136.24162493217221
141.82531645569622
117.95981230527143
120.64396988152022
122.26874849889253
119.36902781607763
128.70970627218304
119.27326046796075
130.92431460591177
133.22518836119093
135.0693391568891
175.73498644338125
177.6030415590168
185.6692847124825
160.80194097799307
195.69649614576034
184.78777582409376
195.74876043170627
210.05800210526107
219.90707569606798
185.81954552191579
170.29894810659187
163.35877286484094
173.39909337860783
132.2623729238946
137.69476179227874
127.92209640510814
120.79368863955119
100.22819074333802
99.06661991584852
90.59319775596073
