75.47861150070126
73.26075145788737
62.063132022471905
52.051685393258424
52.56959269662921
55.72801966292135
39.75435393258427
37.88609550561798
43.85912921348314
37.853370786516855
35.322823033707856
32.71500173711181
44.77212078651686
33.338623595505624
35.46952247191011
32.354269786857984
34.75316455696203
44.38101265822785
30.47060369324508
37.25840867992767
38.01871921182266
40.92322308233638
44.92828993666432
51.43560872624912
48.61907107670655
52.60492610837439
65.23166783954962
119.02513162720163
166.1335679099226
182.46170664380367
205.86432490936136
193.33734177215192
231.5866661024951
245.57153893806182
216.42983903295058
241.04438575080843
222.04240506329114
249.6020635316545
228.70530469717352
214.8451384744208
213.6437539610677
241.44222279489745
223.0892329345531
208.2214911141727
191.4953275316926
219.79969001199314
229.40375365493455
191.72528572319368
206.26687526167166
205.70951727701123
170.37025316455694
205.4829113924051
196.54683544303793
191.69246118351316
201.11234688703664
167.33260716795502
204.5442726633872
168.05583489161992
186.26068072082245
159.17616741809914
148.76036542515814
134.28468025298667
147.16630758693137
147.08759885070765
147.91735769501054
119.2416249321722
139.82531645569622
128.45981230527144
109.14396988152022
137.26874849889253
131.36902781607762
111.70970627218304
139.27326046796077
127.42431460591176
139.22518836119093
166.0693391568891
154.23498644338125
177.6030415590168
171.6692847124825
195.80194097799307
174.69649614576034
193.28777582409376
214.24876043170627
239.05800210526107
183.40707569606798
210.31954552191579
193.29894810659187
192.85877286484094
179.89909337860783
158.7623729238946
117.69476179227874
124.42209640510814
116.29368863955119
89.72819074333802
99.06661991584852
86.59319775596073
