78.97861150070126
62.260751457887366
70.5631320224719
57.551685393258424
57.06959269662921
56.72801966292135
56.75435393258427
48.88609550561798
41.85912921348314
46.353370786516855
45.822823033707856
46.71500173711181
41.27212078651686
28.838623595505624
41.46952247191011
32.854269786857984
45.75316455696203
36.38101265822785
33.97060369324508
44.75840867992767
37.01871921182266
34.42322308233638
46.42828993666432
40.93560872624912
42.61907107670655
47.10492610837439
78.73166783954962
136.02513162720163
139.6335679099226
168.46170664380367
184.86432490936136
213.83734177215192
224.0866661024951
227.57153893806182
234.42983903295058
255.54438575080843
241.04240506329114
234.6020635316545
233.20530469717352
210.3451384744208
227.6437539610677
195.44222279489745
226.0892329345531
219.2214911141727
220.4953275316926
232.29969001199314
224.90375365493455
221.22528572319368
192.76687526167166
185.20951727701123
202.87025316455694
197.9829113924051
177.54683544303793
166.19246118351316
173.11234688703664
207.83260716795502
208.0442726633872
156.05583489161992
189.26068072082245
162.67616741809914
155.76036542515814
151.28468025298667
152.6663075869315
131.08759885070765
137.41735769501054
123.2416249321722
131.82531645569622
108.45981230527143
108.64396988152022
138.76874849889253
116.36902781607763
141.20970627218304
133.27326046796077
114.92431460591176
143.72518836119093
157.5693391568891
156.23498644338125
201.1030415590168
171.1692847124825
198.30194097799307
189.19649614576034
210.78777582409376
207.24876043170627
222.05800210526107
226.90707569606798
203.81954552191579
174.29894810659187
196.35877286484094
186.39909337860783
156.2623729238946
113.69476179227874
128.92209640510814
95.29368863955119
104.22819074333802
83.06661991584852
78.59319775596073
