71.97861150070126
60.260751457887366
59.063132022471905
49.551685393258424
60.56959269662921
48.72801966292135
47.75435393258427
53.88609550561798
39.35912921348314
41.853370786516855
49.322823033707856
34.71500173711181
41.77212078651686
31.838623595505624
42.96952247191011
36.354269786857984
41.75316455696203
34.88101265822785
38.47060369324508
33.75840867992767
47.51871921182266
34.42322308233638
43.92828993666432
48.43560872624912
44.61907107670655
45.60492610837439
74.23166783954962
119.52513162720163
135.6335679099226
177.46170664380367
176.86432490936136
225.33734177215192
233.0866661024951
226.07153893806182
210.92983903295058
241.54438575080843
210.04240506329114
218.6020635316545
243.70530469717352
219.3451384744208
234.6437539610677
234.44222279489745
234.5892329345531
231.7214911141727
193.9953275316926
218.29969001199314
186.40375365493455
225.72528572319368
213.26687526167166
184.70951727701123
182.87025316455694
198.4829113924051
203.54683544303793
201.19246118351316
167.61234688703664
170.83260716795502
186.0442726633872
196.55583489161992
169.76068072082245
174.67616741809914
168.76036542515814
164.78468025298667
132.66630758693094
125.08759885070765
138.41735769501054
115.2416249321722
112.82531645569621
128.95981230527144
120.64396988152022
111.26874849889253
131.36902781607762
140.70970627218304
123.27326046796075
133.42431460591177
136.72518836119093
150.5693391568891
160.23498644338125
167.1030415590168
187.6692847124825
157.30194097799307
165.69649614576034
181.78777582409376
203.74876043170627
210.55800210526107
207.40707569606798
171.81954552191579
176.79894810659187
187.35877286484094
171.89909337860783
131.2623729238946
114.69476179227874
123.92209640510814
100.29368863955119
87.22819074333802
88.06661991584852
90.09319775596073
