67.97861150070126
55.760751457887366
56.063132022471905
52.551685393258424
45.56959269662921
59.22801966292135
54.75435393258427
41.38609550561798
37.85912921348314
41.853370786516855
32.822823033707856
42.21500173711181
31.772120786516858
38.338623595505624
41.96952247191011
41.354269786857984
41.75316455696203
30.381012658227853
32.97060369324508
37.25840867992767
44.51871921182266
34.42322308233638
34.42828993666432
41.43560872624912
36.11907107670655
59.10492610837439
64.23166783954962
122.52513162720163
134.1335679099226
160.46170664380367
207.36432490936136
197.83734177215192
215.5866661024951
234.07153893806182
217.92983903295058
220.54438575080843
245.04240506329114
254.1020635316545
239.20530469717352
199.8451384744208
239.1437539610677
214.44222279489745
201.0892329345531
229.7214911141727
227.4953275316926
202.29969001199314
213.40375365493455
188.72528572319368
180.76687526167166
184.20951727701123
215.37025316455694
176.9829113924051
176.04683544303793
189.69246118351316
194.61234688703664
191.33260716795502
164.5442726633872
168.05583489161992
182.76068072082245
164.17616741809914
166.26036542515814
157.28468025298667
127.66630758693081
128.08759885070765
149.41735769501054
124.7416249321722
111.32531645569621
128.95981230527144
119.64396988152022
121.76874849889253
122.36902781607763
123.70970627218304
145.27326046796077
125.92431460591176
144.72518836119093
163.5693391568891
170.23498644338125
199.1030415590168
168.6692847124825
177.80194097799307
175.69649614576034
175.78777582409376
194.24876043170627
192.05800210526107
225.40707569606798
171.31954552191579
190.29894810659187
176.35877286484094
185.89909337860783
164.2623729238946
133.69476179227874
124.42209640510814
118.29368863955119
105.72819074333802
97.56661991584852
68.59319775596073
