69.47861150070126
65.26075145788737
51.063132022471905
46.551685393258424
61.56959269662921
50.22801966292135
48.25435393258427
51.88609550561798
36.35912921348314
45.853370786516855
39.822823033707856
39.21500173711181
45.27212078651686
31.338623595505624
33.46952247191011
41.354269786857984
41.25316455696203
42.88101265822785
39.47060369324508
38.25840867992767
44.01871921182266
40.42322308233638
42.42828993666432
44.43560872624912
36.11907107670655
49.10492610837439
73.23166783954962
141.52513162720163
151.6335679099226
183.46170664380367
204.36432490936136
228.83734177215192
231.0866661024951
213.07153893806182
215.92983903295058
223.04438575080843
249.54240506329114
225.6020635316545
224.20530469717352
217.3451384744208
211.1437539610677
220.44222279489745
219.5892329345531
193.7214911141727
192.4953275316926
198.79969001199314
202.40375365493455
234.72528572319368
217.76687526167166
216.70951727701123
207.87025316455694
190.9829113924051
183.04683544303793
206.69246118351316
199.11234688703664
191.33260716795502
207.5442726633872
188.05583489161992
163.76068072082245
169.17616741809914
148.76036542515814
146.28468025298667
163.16630758693182
148.08759885070765
123.41735769501052
141.74162493217221
143.32531645569622
132.45981230527144
115.64396988152022
114.76874849889253
127.86902781607763
126.20970627218304
137.77326046796077
146.42431460591177
128.72518836119093
142.0693391568891
158.23498644338125
178.6030415590168
196.1692847124825
185.30194097799307
198.19649614576034
218.78777582409376
187.74876043170627
229.05800210526107
212.90707569606798
178.81954552191579
171.29894810659187
194.85877286484094
149.39909337860783
143.7623729238946
135.19476179227874
105.42209640510814
108.29368863955119
96.72819074333802
73.56661991584852
85.59319775596073
