73.97861150070126
58.760751457887366
57.563132022471905
48.551685393258424
61.06959269662921
42.22801966292135
38.75435393258427
45.38609550561798
38.35912921348314
37.853370786516855
41.322823033707856
34.71500173711181
32.27212078651686
31.338623595505624
39.96952247191011
39.354269786857984
35.75316455696203
34.38101265822785
36.47060369324508
31.75840867992767
41.51871921182266
47.42322308233638
48.92828993666432
45.43560872624912
51.11907107670655
47.10492610837439
74.23166783954962
126.02513162720163
169.1335679099226
181.96170664380367
190.36432490936136
196.83734177215192
243.5866661024951
214.07153893806182
212.92983903295058
255.04438575080843
253.04240506329114
248.6020635316545
233.20530469717352
204.8451384744208
248.1437539610677
230.94222279489745
226.0892329345531
231.7214911141727
187.9953275316926
203.29969001199314
192.90375365493455
197.22528572319368
181.76687526167166
178.70951727701123
212.37025316455694
175.4829113924051
167.04683544303793
191.69246118351316
197.61234688703664
172.33260716795502
172.0442726633872
172.55583489161992
170.26068072082245
173.67616741809914
144.76036542515814
150.28468025298667
132.16630758693094
147.08759885070765
131.91735769501054
115.2416249321722
113.82531645569621
141.45981230527144
111.14396988152022
118.76874849889253
120.36902781607763
119.20970627218304
119.77326046796075
125.42431460591176
150.22518836119093
134.0693391568891
161.73498644338125
200.1030415590168
193.1692847124825
159.80194097799307
191.69649614576034
178.78777582409376
207.24876043170627
191.05800210526107
220.90707569606798
177.31954552191579
172.79894810659187
165.35877286484094
177.89909337860783
163.7623729238946
129.19476179227874
103.42209640510814
114.29368863955119
83.22819074333802
98.06661991584852
86.09319775596073
