61.47861150070126
66.76075145788737
71.0631320224719
59.551685393258424
63.06959269662921
50.22801966292135
57.25435393258427
54.88609550561798
47.85912921348314
45.353370786516855
41.322823033707856
38.21500173711181
36.27212078651686
30.338623595505624
36.46952247191011
41.854269786857984
42.25316455696203
29.381012658227853
36.47060369324508
46.25840867992767
40.01871921182266
40.42322308233638
43.42828993666432
34.43560872624912
43.61907107670655
55.60492610837439
64.73166783954962
129.52513162720163
149.1335679099226
185.46170664380367
202.36432490936136
196.33734177215192
222.5866661024951
220.07153893806182
233.42983903295058
222.54438575080843
241.04240506329114
206.1020635316545
236.70530469717352
240.8451384744208
230.6437539610677
214.94222279489745
231.0892329345531
195.7214911141727
193.4953275316926
236.79969001199314
214.40375365493455
229.72528572319368
195.76687526167166
178.70951727701123
202.37025316455694
168.4829113924051
171.04683544303793
203.69246118351316
190.11234688703664
201.83260716795502
202.5442726633872
167.55583489161992
173.76068072082245
170.17616741809914
179.26036542515814
135.28468025298667
129.66630758693088
138.08759885070765
148.41735769501054
128.74162493217221
135.32531645569622
139.95981230527144
111.64396988152022
120.26874849889253
119.86902781607763
132.20970627218304
143.27326046796077
141.92431460591177
143.72518836119093
151.0693391568891
153.23498644338125
161.6030415590168
172.6692847124825
175.80194097799307
167.19649614576034
207.78777582409376
224.24876043170627
233.55800210526107
180.40707569606798
167.81954552191579
166.29894810659187
180.85877286484094
186.39909337860783
156.2623729238946
127.69476179227874
133.42209640510814
107.29368863955119
99.72819074333802
78.06661991584852
75.59319775596073
