82.97861150070126
63.260751457887366
60.063132022471905
63.051685393258424
48.56959269662921
60.72801966292135
57.25435393258427
44.38609550561798
42.85912921348314
36.853370786516855
47.322823033707856
47.71500173711181
43.77212078651686
42.838623595505624
31.46952247191011
42.354269786857984
39.25316455696203
41.38101265822785
30.47060369324508
34.75840867992767
38.51871921182266
37.92322308233638
50.92828993666432
42.93560872624912
53.11907107670655
52.60492610837439
79.73166783954962
114.02513162720163
140.1335679099226
155.96170664380367
186.36432490936136
196.33734177215192
211.0866661024951
233.07153893806182
233.42983903295058
211.54438575080843
247.04240506329114
225.1020635316545
238.70530469717352
200.3451384744208
232.6437539610677
207.44222279489745
200.0892329345531
222.7214911141727
207.9953275316926
192.79969001199314
215.40375365493455
209.22528572319368
201.26687526167166
183.20951727701123
201.87025316455694
167.9829113924051
163.54683544303793
163.69246118351316
186.61234688703664
171.83260716795502
195.0442726633872
178.05583489161992
189.76068072082245
171.17616741809914
171.76036542515814
161.28468025298667
145.1663075869313
132.08759885070765
121.91735769501052
115.7416249321722
137.32531645569622
120.45981230527143
124.14396988152022
111.76874849889253
123.36902781607763
126.20970627218304
148.27326046796077
136.92431460591177
135.72518836119093
147.5693391568891
152.23498644338125
160.6030415590168
163.6692847124825
195.30194097799307
203.19649614576034
211.78777582409376
201.74876043170627
221.05800210526107
202.40707569606798
171.31954552191579
165.79894810659187
171.85877286484094
176.39909337860783
130.2623729238946
146.19476179227874
125.42209640510814
99.79368863955119
95.72819074333802
80.06661991584852
70.09319775596073
