68.97861150070126
69.76075145788737
63.563132022471905
62.051685393258424
61.56959269662921
52.22801966292135
53.25435393258427
39.38609550561798
44.35912921348314
47.853370786516855
35.822823033707856
37.21500173711181
42.27212078651686
43.838623595505624
39.96952247191011
30.35426978685798
45.75316455696203
30.381012658227853
37.47060369324508
36.25840867992767
49.01871921182266
36.92322308233638
39.42828993666432
44.93560872624912
50.11907107670655
46.60492610837439
84.23166783954962
134.02513162720163
173.6335679099226
178.96170664380367
173.86432490936136
209.83734177215192
242.5866661024951
210.57153893806182
237.92983903295058
211.54438575080843
246.04240506329114
249.1020635316545
258.7053046971735
210.8451384744208
248.6437539610677
212.44222279489745
212.5892329345531
187.7214911141727
183.9953275316926
216.29969001199314
204.40375365493455
196.22528572319368
210.76687526167166
194.70951727701123
192.37025316455694
169.4829113924051
175.54683544303793
198.19246118351316
188.61234688703664
199.83260716795502
204.0442726633872
190.55583489161992
159.26068072082245
147.67616741809914
161.76036542515814
146.28468025298667
149.16630758693142
135.58759885070765
134.91735769501054
126.7416249321722
120.32531645569621
116.45981230527143
123.14396988152022
128.76874849889253
108.36902781607763
113.70970627218304
120.27326046796075
140.42431460591177
127.72518836119094
150.0693391568891
163.73498644338125
174.1030415590168
175.1692847124825
177.80194097799307
198.19649614576034
197.28777582409376
215.74876043170627
226.05800210526107
210.40707569606798
182.31954552191579
194.79894810659187
180.85877286484094
153.89909337860783
153.2623729238946
115.19476179227874
102.92209640510814
100.79368863955119
95.22819074333802
92.06661991584852
73.09319775596073
