76.47861150070126
63.260751457887366
57.563132022471905
56.551685393258424
59.56959269662921
48.72801966292135
54.75435393258427
41.38609550561798
40.85912921348314
46.353370786516855
47.822823033707856
42.71500173711181
39.77212078651686
33.338623595505624
42.46952247191011
42.354269786857984
38.25316455696203
42.38101265822785
45.47060369324508
35.25840867992767
39.51871921182266
48.42322308233638
47.42828993666432
41.43560872624912
40.11907107670655
50.10492610837439
74.73166783954962
138.02513162720163
159.1335679099226
151.46170664380367
202.86432490936136
217.33734177215192
237.0866661024951
241.57153893806182
240.42983903295058
208.04438575080843
243.54240506329114
250.1020635316545
218.70530469717352
218.8451384744208
214.6437539610677
204.94222279489745
194.0892329345531
228.7214911141727
222.9953275316926
203.79969001199314
214.40375365493455
228.72528572319368
222.26687526167166
207.70951727701123
208.37025316455694
169.9829113924051
170.04683544303793
171.69246118351316
202.61234688703664
190.83260716795502
189.5442726633872
178.55583489161992
158.26068072082245
184.17616741809914
164.76036542515814
167.28468025298667
160.66630758693174
123.58759885070765
143.41735769501054
139.74162493217221
132.82531645569622
112.45981230527143
124.14396988152022
126.76874849889253
112.36902781607763
123.70970627218304
131.77326046796077
135.92431460591177
125.22518836119094
138.5693391568891
154.73498644338125
163.1030415590168
188.6692847124825
192.30194097799307
184.69649614576034
207.28777582409376
226.24876043170627
209.55800210526107
211.90707569606798
176.31954552191579
179.79894810659187
193.35877286484094
153.89909337860783
148.2623729238946
131.19476179227874
126.92209640510814
105.29368863955119
109.72819074333802
75.06661991584852
83.09319775596073
