70.47861150070126
69.76075145788737
64.0631320224719
58.051685393258424
46.56959269662921
54.22801966292135
51.75435393258427
46.88609550561798
44.85912921348314
46.353370786516855
32.822823033707856
45.71500173711181
45.27212078651686
32.838623595505624
37.46952247191011
39.354269786857984
31.753164556962027
43.88101265822785
36.47060369324508
42.25840867992767
32.51871921182266
45.92322308233638
49.42828993666432
48.43560872624912
39.11907107670655
48.10492610837439
73.73166783954962
122.52513162720163
161.6335679099226
186.46170664380367
185.86432490936136
195.83734177215192
223.5866661024951
229.57153893806182
252.92983903295058
253.04438575080843
235.54240506329114
212.6020635316545
252.70530469717352
239.8451384744208
233.1437539610677
239.44222279489745
201.5892329345531
208.7214911141727
228.4953275316926
201.79969001199314
197.40375365493455
186.22528572319368
200.76687526167166
217.70951727701123
185.87025316455694
195.4829113924051
165.54683544303793
193.19246118351316
182.11234688703664
178.83260716795502
182.5442726633872
157.05583489161992
175.26068072082245
170.67616741809914
168.26036542515814
165.78468025298667
152.6663075869315
123.08759885070765
125.41735769501052
131.74162493217221
110.32531645569621
108.95981230527143
122.14396988152022
142.26874849889253
115.36902781607763
135.20970627218304
132.27326046796077
143.42431460591177
123.22518836119094
150.5693391568891
182.23498644338125
179.6030415590168
188.6692847124825
180.80194097799307
206.69649614576034
204.28777582409376
193.74876043170627
205.05800210526107
189.40707569606798
168.81954552191579
194.79894810659187
166.35877286484094
164.89909337860783
165.2623729238946
140.69476179227874
108.42209640510814
117.79368863955119
96.72819074333802
89.06661991584852
69.09319775596073
