73.47861150070126
65.26075145788737
59.563132022471905
65.55168539325842
62.06959269662921
49.72801966292135
55.75435393258427
37.88609550561798
41.85912921348314
37.853370786516855
39.822823033707856
44.71500173711181
39.77212078651686
40.338623595505624
30.46952247191011
35.854269786857984
40.25316455696203
42.38101265822785
45.97060369324508
33.25840867992767
33.01871921182266
51.42322308233638
36.92828993666432
37.43560872624912
39.11907107670655
42.10492610837439
82.73166783954962
115.02513162720163
152.1335679099226
152.46170664380367
173.36432490936136
183.83734177215192
249.5866661024951
241.07153893806182
241.42983903295058
222.04438575080843
216.04240506329114
220.1020635316545
245.20530469717352
250.3451384744208
245.6437539610677
205.94222279489745
219.0892329345531
221.2214911141727
203.9953275316926
191.29969001199314
206.40375365493455
203.22528572319368
183.26687526167166
211.70951727701123
189.87025316455694
183.4829113924051
181.04683544303793
170.69246118351316
192.11234688703664
200.83260716795502
167.5442726633872
194.05583489161992
155.76068072082245
157.17616741809914
151.76036542515814
135.28468025298667
152.6663075869315
140.58759885070765
125.41735769501052
143.24162493217221
135.82531645569622
136.45981230527144
132.1439698815202
120.76874849889253
110.36902781607763
112.70970627218304
140.77326046796077
120.92431460591176
140.22518836119093
132.5693391568891
181.23498644338125
198.1030415590168
196.1692847124825
194.30194097799307
205.19649614576034
197.28777582409376
194.24876043170627
197.05800210526107
228.90707569606798
172.81954552191579
202.29894810659187
162.35877286484094
155.89909337860783
149.7623729238946
117.69476179227874
123.92209640510814
92.29368863955119
99.22819074333802
73.56661991584852
78.09319775596073
