82.97861150070126
62.260751457887366
68.5631320224719
48.551685393258424
61.56959269662921
44.22801966292135
46.25435393258427
46.88609550561798
42.35912921348314
45.353370786516855
32.822823033707856
49.21500173711181
33.77212078651686
43.838623595505624
43.46952247191011
44.354269786857984
36.25316455696203
41.88101265822785
41.97060369324508
31.75840867992767
40.51871921182266
47.92322308233638
35.42828993666432
47.43560872624912
44.61907107670655
54.60492610837439
65.23166783954962
140.02513162720163
141.1335679099226
171.46170664380367
164.86432490936136
189.33734177215192
237.0866661024951
243.07153893806182
220.42983903295058
245.54438575080843
232.04240506329114
207.1020635316545
236.70530469717352
245.3451384744208
248.1437539610677
241.44222279489745
233.5892329345531
204.7214911141727
231.4953275316926
235.29969001199314
226.40375365493455
191.72528572319368
186.76687526167166
176.70951727701123
204.37025316455694
183.4829113924051
205.54683544303793
171.19246118351316
201.11234688703664
196.83260716795502
201.0442726633872
171.05583489161992
162.76068072082245
184.67616741809914
152.76036542515814
151.28468025298667
129.66630758693088
125.08759885070765
119.41735769501052
114.7416249321722
134.32531645569622
111.45981230527143
108.14396988152022
125.26874849889253
129.86902781607762
123.20970627218304
143.77326046796077
119.92431460591176
139.72518836119093
159.0693391568891
174.73498644338125
166.1030415590168
199.6692847124825
167.80194097799307
193.19649614576034
207.78777582409376
230.74876043170627
236.05800210526107
192.40707569606798
211.31954552191579
175.79894810659187
169.35877286484094
155.39909337860783
139.2623729238946
119.69476179227874
113.42209640510814
121.79368863955119
102.72819074333802
91.06661991584852
78.59319775596073
