76.97861150070126
57.260751457887366
54.063132022471905
53.551685393258424
46.56959269662921
47.22801966292135
52.25435393258427
53.88609550561798
44.85912921348314
53.353370786516855
46.322823033707856
43.21500173711181
38.77212078651686
36.338623595505624
31.46952247191011
34.854269786857984
42.75316455696203
31.881012658227853
44.97060369324508
44.75840867992767
47.51871921182266
41.92322308233638
35.42828993666432
38.43560872624912
36.61907107670655
49.60492610837439
76.23166783954962
110.02513162720163
159.1335679099226
169.46170664380367
183.86432490936136
183.33734177215192
235.5866661024951
261.07153893806185
214.42983903295058
212.54438575080843
241.54240506329114
241.1020635316545
211.70530469717352
199.8451384744208
213.6437539610677
201.44222279489745
227.5892329345531
195.7214911141727
220.4953275316926
220.79969001199314
231.90375365493455
221.22528572319368
191.76687526167166
188.70951727701123
201.87025316455694
177.9829113924051
175.04683544303793
178.19246118351316
187.11234688703664
208.83260716795502
178.5442726633872
195.55583489161992
149.26068072082245
178.17616741809914
146.26036542515814
172.78468025298667
165.16630758693188
136.08759885070765
147.91735769501054
113.7416249321722
135.82531645569622
122.45981230527143
111.14396988152022
116.26874849889253
111.86902781607763
134.70970627218304
131.77326046796077
117.42431460591176
149.72518836119093
141.5693391568891
155.73498644338125
182.6030415590168
179.1692847124825
191.80194097799307
175.19649614576034
189.28777582409376
186.24876043170627
209.05800210526107
209.40707569606798
189.81954552191579
190.79894810659187
187.35877286484094
176.89909337860783
141.2623729238946
141.19476179227874
123.92209640510814
98.79368863955119
105.22819074333802
84.06661991584852
85.59319775596073
