79.97861150070126
72.26075145788737
68.5631320224719
59.551685393258424
52.06959269662921
56.72801966292135
50.75435393258427
51.88609550561798
35.35912921348314
46.353370786516855
34.322823033707856
39.21500173711181
45.27212078651686
34.338623595505624
31.96952247191011
39.354269786857984
33.75316455696203
38.38101265822785
33.47060369324508
40.75840867992767
44.51871921182266
48.92322308233638
41.92828993666432
41.93560872624912
49.61907107670655
61.10492610837439
76.73166783954962
143.02513162720163
167.6335679099226
156.96170664380367
179.86432490936136
230.33734177215192
219.0866661024951
211.07153893806182
224.92983903295058
208.54438575080843
227.04240506329114
255.1020635316545
230.20530469717352
208.3451384744208
241.1437539610677
195.94222279489745
229.5892329345531
207.2214911141727
202.4953275316926
214.29969001199314
214.90375365493455
197.22528572319368
188.76687526167166
174.20951727701123
187.37025316455694
197.4829113924051
169.54683544303793
199.69246118351316
172.11234688703664
171.83260716795502
203.0442726633872
158.05583489161992
155.76068072082245
166.67616741809914
173.76036542515814
149.78468025298667
136.66630758693105
137.58759885070765
131.41735769501054
121.2416249321722
117.82531645569621
108.45981230527143
123.64396988152022
114.26874849889253
110.86902781607763
140.70970627218304
119.77326046796075
139.42431460591177
150.22518836119093
162.5693391568891
161.23498644338125
196.6030415590168
193.1692847124825
156.80194097799307
184.19649614576034
215.78777582409376
193.74876043170627
221.55800210526107
201.90707569606798
210.31954552191579
201.79894810659187
179.35877286484094
158.89909337860783
166.7623729238946
146.69476179227874
108.92209640510814
111.29368863955119
90.72819074333802
78.06661991584852
70.59319775596073
