81.97861150070126
73.26075145788737
70.0631320224719
63.551685393258424
61.56959269662921
53.72801966292135
56.25435393258427
43.38609550561798
44.35912921348314
43.353370786516855
47.322823033707856
47.21500173711181
29.772120786516858
28.838623595505624
28.46952247191011
40.354269786857984
43.25316455696203
40.38101265822785
41.47060369324508
36.25840867992767
32.51871921182266
41.92322308233638
44.92828993666432
45.93560872624912
48.61907107670655
46.10492610837439
70.23166783954962
135.02513162720163
155.6335679099226
164.46170664380367
175.86432490936136
198.83734177215192
201.0866661024951
225.07153893806182
204.92983903295058
230.04438575080843
255.54240506329114
233.1020635316545
207.70530469717352
213.8451384744208
248.1437539610677
204.44222279489745
196.0892329345531
226.7214911141727
190.4953275316926
233.79969001199314
236.40375365493455
204.22528572319368
210.76687526167166
211.70951727701123
191.37025316455694
171.9829113924051
200.04683544303793
185.19246118351316
186.11234688703664
196.83260716795502
184.5442726633872
185.05583489161992
153.76068072082245
155.17616741809914
149.26036542515814
163.78468025298667
132.66630758693094
151.58759885070765
145.91735769501054
138.74162493217221
121.82531645569621
130.95981230527144
120.64396988152022
109.76874849889253
111.36902781607763
121.70970627218304
140.77326046796077
133.92431460591177
128.22518836119093
162.0693391568891
178.73498644338125
169.6030415590168
205.6692847124825
167.30194097799307
195.19649614576034
182.78777582409376
214.74876043170627
198.55800210526107
180.90707569606798
186.81954552191579
198.79894810659187
168.35877286484094
151.89909337860783
139.7623729238946
138.19476179227874
132.42209640510814
108.79368863955119
93.22819074333802
89.06661991584852
86.09319775596073
