81.97861150070126
55.760751457887366
67.5631320224719
53.051685393258424
61.56959269662921
44.22801966292135
38.75435393258427
43.38609550561798
48.35912921348314
35.853370786516855
39.322823033707856
49.21500173711181
32.27212078651686
43.838623595505624
35.46952247191011
37.854269786857984
41.75316455696203
39.38101265822785
45.47060369324508
45.75840867992767
44.01871921182266
44.42322308233638
49.92828993666432
40.93560872624912
46.61907107670655
42.10492610837439
61.731667839549615
112.52513162720163
150.1335679099226
162.46170664380367
168.86432490936136
211.83734177215192
211.5866661024951
251.07153893806182
251.42983903295058
248.04438575080843
236.54240506329114
208.1020635316545
221.70530469717352
231.8451384744208
220.1437539610677
223.44222279489745
227.5892329345531
196.2214911141727
226.4953275316926
227.29969001199314
220.90375365493455
217.22528572319368
205.26687526167166
192.70951727701123
178.37025316455694
168.4829113924051
174.54683544303793
202.19246118351316
196.11234688703664
185.33260716795502
185.0442726633872
189.55583489161992
147.76068072082245
148.67616741809914
148.26036542515814
148.28468025298667
153.66630758693157
142.58759885070765
143.91735769501054
140.74162493217221
115.32531645569621
140.95981230527144
134.1439698815202
120.76874849889253
137.86902781607762
111.70970627218304
130.27326046796077
125.42431460591176
121.72518836119094
152.0693391568891
177.73498644338125
163.6030415590168
171.6692847124825
191.30194097799307
211.19649614576034
180.28777582409376
214.74876043170627
221.55800210526107
210.90707569606798
209.81954552191579
203.29894810659187
160.35877286484094
183.89909337860783
168.2623729238946
128.19476179227874
111.92209640510814
120.29368863955119
108.22819074333802
83.56661991584852
90.59319775596073
