69.47861150070126
69.26075145788737
70.5631320224719
54.051685393258424
51.06959269662921
56.72801966292135
41.25435393258427
45.38609550561798
44.85912921348314
53.353370786516855
39.322823033707856
37.21500173711181
40.77212078651686
35.338623595505624
33.96952247191011
40.854269786857984
36.25316455696203
34.38101265822785
45.97060369324508
43.75840867992767
33.51871921182266
50.92322308233638
40.92828993666432
35.93560872624912
54.11907107670655
51.60492610837439
70.73166783954962
125.02513162720163
165.6335679099226
146.96170664380367
188.86432490936136
217.83734177215192
223.0866661024951
252.07153893806182
244.42983903295058
255.54438575080843
237.04240506329114
244.1020635316545
255.70530469717352
237.3451384744208
208.6437539610677
243.94222279489745
191.0892329345531
217.2214911141727
204.4953275316926
229.29969001199314
226.90375365493455
200.22528572319368
205.76687526167166
189.70951727701123
199.87025316455694
178.9829113924051
175.04683544303793
207.19246118351316
199.61234688703664
206.33260716795502
205.5442726633872
171.55583489161992
184.26068072082245
159.67616741809914
162.26036542515814
163.28468025298667
127.66630758693081
144.08759885070765
135.41735769501054
114.2416249321722
140.82531645569622
132.45981230527144
110.14396988152022
110.26874849889253
130.86902781607762
110.70970627218304
133.27326046796077
121.92431460591176
135.72518836119093
145.5693391568891
174.23498644338125
160.6030415590168
184.6692847124825
180.80194097799307
195.19649614576034
176.78777582409376
226.74876043170627
229.05800210526107
182.40707569606798
181.81954552191579
202.79894810659187
166.85877286484094
162.39909337860783
166.7623729238946
133.19476179227874
127.92209640510814
106.79368863955119
85.22819074333802
85.56661991584852
75.09319775596073
