82.47861150070126
58.760751457887366
59.063132022471905
54.551685393258424
54.06959269662921
48.22801966292135
50.25435393258427
47.88609550561798
52.35912921348314
45.853370786516855
35.822823033707856
34.21500173711181
44.77212078651686
38.338623595505624
40.46952247191011
34.354269786857984
38.25316455696203
33.38101265822785
41.97060369324508
41.75840867992767
46.51871921182266
48.92322308233638
38.42828993666432
51.93560872624912
43.61907107670655
45.60492610837439
68.23166783954962
125.02513162720163
164.6335679099226
157.96170664380367
198.36432490936136
216.33734177215192
253.5866661024951
237.57153893806182
205.42983903295058
235.04438575080843
245.04240506329114
238.1020635316545
227.20530469717352
204.3451384744208
219.1437539610677
212.44222279489745
232.5892329345531
229.2214911141727
210.9953275316926
228.79969001199314
206.90375365493455
194.72528572319368
219.76687526167166
177.70951727701123
169.37025316455694
200.4829113924051
179.54683544303793
185.69246118351316
167.61234688703664
205.83260716795502
179.5442726633872
170.55583489161992
150.76068072082245
174.67616741809914
143.76036542515814
136.28468025298667
143.16630758693125
152.08759885070765
129.41735769501054
130.24162493217221
138.32531645569622
111.45981230527143
121.14396988152022
122.26874849889253
136.86902781607762
142.20970627218304
124.27326046796075
115.42431460591176
152.22518836119093
168.5693391568891
165.73498644338125
166.1030415590168
205.1692847124825
183.30194097799307
205.19649614576034
173.78777582409376
191.24876043170627
210.05800210526107
212.40707569606798
178.81954552191579
192.79894810659187
166.35877286484094
183.89909337860783
157.7623729238946
130.19476179227874
123.92209640510814
103.29368863955119
106.72819074333802
86.56661991584852
77.59319775596073
