74.97861150070126
71.26075145788737
62.063132022471905
55.551685393258424
60.56959269662921
41.72801966292135
46.25435393258427
39.88609550561798
50.85912921348314
37.353370786516855
41.322823033707856
45.71500173711181
30.772120786516858
36.838623595505624
34.46952247191011
33.354269786857984
45.75316455696203
29.381012658227853
33.97060369324508
44.25840867992767
34.51871921182266
49.42322308233638
42.42828993666432
36.43560872624912
39.61907107670655
52.10492610837439
73.23166783954962
137.02513162720163
134.6335679099226
152.46170664380367
208.36432490936136
227.33734177215192
217.0866661024951
256.07153893806185
248.42983903295058
211.04438575080843
230.54240506329114
240.6020635316545
244.20530469717352
243.3451384744208
202.1437539610677
227.94222279489745
234.5892329345531
226.2214911141727
194.9953275316926
194.79969001199314
230.90375365493455
227.72528572319368
186.76687526167166
206.70951727701123
179.37025316455694
193.4829113924051
193.04683544303793
185.69246118351316
192.61234688703664
166.33260716795502
203.0442726633872
190.55583489161992
188.76068072082245
187.17616741809914
165.26036542515814
148.78468025298667
154.66630758693157
127.08759885070765
120.91735769501052
123.7416249321722
136.32531645569622
121.45981230527143
125.64396988152022
138.76874849889253
130.86902781607762
136.70970627218304
128.77326046796077
129.92431460591177
128.72518836119093
171.0693391568891
155.73498644338125
184.1030415590168
204.6692847124825
191.30194097799307
173.69649614576034
216.28777582409376
182.74876043170627
211.55800210526107
188.40707569606798
192.81954552191579
165.79894810659187
187.85877286484094
150.89909337860783
143.2623729238946
127.19476179227874
113.92209640510814
112.79368863955119
85.72819074333802
74.06661991584852
87.09319775596073
