68.97861150070126
67.26075145788737
70.5631320224719
56.551685393258424
58.56959269662921
60.22801966292135
47.75435393258427
39.88609550561798
48.85912921348314
51.353370786516855
49.822823033707856
32.71500173711181
41.27212078651686
43.838623595505624
37.46952247191011
33.854269786857984
43.25316455696203
34.88101265822785
39.97060369324508
33.75840867992767
46.51871921182266
50.42322308233638
41.42828993666432
41.43560872624912
42.11907107670655
50.60492610837439
81.73166783954962
113.52513162720163
146.6335679099226
183.96170664380367
202.36432490936136
199.33734177215192
231.5866661024951
211.57153893806182
226.92983903295058
223.54438575080843
231.54240506329114
254.6020635316545
257.2053046971735
234.8451384744208
226.6437539610677
226.94222279489745
220.0892329345531
213.7214911141727
188.4953275316926
188.79969001199314
216.90375365493455
219.22528572319368
206.26687526167166
212.70951727701123
183.37025316455694
191.4829113924051
205.04683544303793
174.69246118351316
194.61234688703664
204.33260716795502
179.0442726633872
182.55583489161992
154.76068072082245
176.67616741809914
183.26036542515814
152.78468025298667
148.1663075869314
156.08759885070765
132.91735769501054
130.24162493217221
113.82531645569621
120.95981230527143
107.64396988152022
110.76874849889253
124.36902781607763
132.70970627218304
147.27326046796077
124.92431460591176
150.22518836119093
140.0693391568891
168.73498644338125
166.1030415590168
202.1692847124825
174.30194097799307
192.69649614576034
181.78777582409376
183.24876043170627
209.05800210526107
194.40707569606798
189.81954552191579
184.79894810659187
196.85877286484094
148.39909337860783
130.7623729238946
120.69476179227874
133.42209640510814
98.79368863955119
82.22819074333802
80.56661991584852
89.59319775596073
