76.97861150070126
63.760751457887366
56.563132022471905
62.051685393258424
51.06959269662921
48.22801966292135
47.25435393258427
46.38609550561798
35.35912921348314
42.853370786516855
33.822823033707856
42.71500173711181
32.77212078651686
33.338623595505624
33.46952247191011
35.354269786857984
35.75316455696203
38.88101265822785
42.97060369324508
48.75840867992767
41.51871921182266
42.42322308233638
46.42828993666432
45.93560872624912
39.11907107670655
48.10492610837439
78.73166783954962
118.52513162720163
170.1335679099226
178.46170664380367
188.86432490936136
212.33734177215192
249.5866661024951
222.07153893806182
251.92983903295058
226.04438575080843
254.04240506329114
248.1020635316545
260.2053046971735
229.3451384744208
214.1437539610677
205.44222279489745
239.5892329345531
219.7214911141727
194.9953275316926
206.29969001199314
217.40375365493455
225.22528572319368
187.26687526167166
222.70951727701123
193.37025316455694
171.9829113924051
165.04683544303793
173.19246118351316
183.11234688703664
167.83260716795502
190.5442726633872
180.05583489161992
189.26068072082245
161.17616741809914
174.26036542515814
137.28468025298667
159.66630758693174
125.08759885070765
145.41735769501054
129.74162493217221
116.82531645569621
133.45981230527144
133.6439698815202
121.76874849889253
111.86902781607763
110.70970627218304
120.77326046796075
143.92431460591177
136.22518836119093
161.0693391568891
171.23498644338125
198.6030415590168
194.6692847124825
159.80194097799307
181.19649614576034
220.28777582409376
199.74876043170627
192.05800210526107
228.90707569606798
204.81954552191579
191.29894810659187
169.85877286484094
166.89909337860783
157.7623729238946
130.69476179227874
109.92209640510814
105.29368863955119
107.22819074333802
75.56661991584852
89.59319775596073
