73.47861150070126
71.76075145788737
66.5631320224719
56.051685393258424
52.56959269662921
45.72801966292135
53.75435393258427
40.38609550561798
36.35912921348314
44.353370786516855
39.822823033707856
33.71500173711181
36.27212078651686
35.338623595505624
35.46952247191011
43.354269786857984
39.75316455696203
29.381012658227853
38.47060369324508
41.25840867992767
46.51871921182266
49.92322308233638
51.42828993666432
45.43560872624912
37.11907107670655
43.60492610837439
78.23166783954962
140.52513162720163
169.6335679099226
155.46170664380367
168.36432490936136
184.83734177215192
201.5866661024951
260.07153893806185
240.92983903295058
233.54438575080843
251.54240506329114
226.6020635316545
239.20530469717352
251.8451384744208
235.1437539610677
243.94222279489745
232.5892329345531
207.2214911141727
224.9953275316926
197.29969001199314
215.90375365493455
232.22528572319368
219.26687526167166
214.70951727701123
209.87025316455694
172.9829113924051
167.04683544303793
185.19246118351316
203.61234688703664
182.83260716795502
198.5442726633872
166.55583489161992
161.76068072082245
159.17616741809914
179.76036542515814
170.78468025298667
141.66630758693123
127.58759885070765
137.91735769501054
135.74162493217221
124.32531645569621
110.45981230527143
117.64396988152022
109.26874849889253
114.86902781607763
113.70970627218304
114.27326046796075
116.92431460591176
136.72518836119093
136.0693391568891
185.23498644338125
196.6030415590168
173.1692847124825
177.30194097799307
179.69649614576034
200.28777582409376
207.24876043170627
203.55800210526107
209.40707569606798
202.81954552191579
183.79894810659187
162.85877286484094
185.39909337860783
143.2623729238946
138.69476179227874
108.92209640510814
102.29368863955119
105.72819074333802
82.06661991584852
68.09319775596073
