78.97861150070126
60.760751457887366
67.5631320224719
64.05168539325842
58.56959269662921
43.72801966292135
54.75435393258427
44.88609550561798
50.85912921348314
46.353370786516855
44.322823033707856
32.71500173711181
41.77212078651686
42.338623595505624
29.46952247191011
28.85426978685798
40.25316455696203
37.38101265822785
45.47060369324508
41.25840867992767
32.01871921182266
46.92322308233638
39.92828993666432
40.43560872624912
46.61907107670655
51.10492610837439
70.73166783954962
142.02513162720163
173.1335679099226
157.96170664380367
190.86432490936136
211.83734177215192
204.5866661024951
207.57153893806182
219.92983903295058
230.54438575080843
246.54240506329114
231.1020635316545
260.7053046971735
200.8451384744208
204.1437539610677
219.44222279489745
203.5892329345531
199.7214911141727
215.4953275316926
206.79969001199314
198.90375365493455
217.22528572319368
204.76687526167166
206.20951727701123
183.37025316455694
205.4829113924051
190.04683544303793
180.69246118351316
169.11234688703664
187.33260716795502
198.0442726633872
189.55583489161992
154.76068072082245
166.17616741809914
155.26036542515814
143.28468025298667
159.1663075869317
139.08759885070765
129.91735769501054
137.74162493217221
123.82531645569621
109.45981230527143
133.1439698815202
125.76874849889253
135.36902781607762
119.20970627218304
143.77326046796077
113.92431460591176
134.72518836119093
144.0693391568891
145.23498644338125
162.6030415590168
189.6692847124825
194.80194097799307
190.19649614576034
174.78777582409376
195.24876043170627
217.05800210526107
221.40707569606798
206.81954552191579
189.79894810659187
179.85877286484094
187.89909337860783
157.7623729238946
129.69476179227874
117.42209640510814
93.29368863955119
92.22819074333802
87.56661991584852
89.59319775596073
