67.97861150070126
74.26075145788737
61.063132022471905
63.051685393258424
51.06959269662921
51.22801966292135
45.25435393258427
47.38609550561798
47.35912921348314
51.353370786516855
38.322823033707856
43.21500173711181
38.77212078651686
32.838623595505624
37.96952247191011
38.354269786857984
42.25316455696203
41.88101265822785
31.97060369324508
33.25840867992767
39.51871921182266
50.92322308233638
34.92828993666432
41.93560872624912
48.61907107670655
49.60492610837439
79.23166783954962
117.02513162720163
167.6335679099226
163.96170664380367
181.36432490936136
213.33734177215192
251.0866661024951
208.07153893806182
234.42983903295058
220.04438575080843
221.04240506329114
240.1020635316545
210.20530469717352
227.8451384744208
207.1437539610677
231.94222279489745
205.0892329345531
207.7214911141727
213.9953275316926
210.29969001199314
225.40375365493455
209.22528572319368
183.76687526167166
177.20951727701123
188.37025316455694
166.9829113924051
183.04683544303793
190.69246118351316
192.11234688703664
205.83260716795502
186.5442726633872
192.05583489161992
173.76068072082245
178.17616741809914
155.26036542515814
152.28468025298667
157.16630758693165
121.08759885070765
145.91735769501054
128.74162493217221
134.32531645569622
127.95981230527143
114.14396988152022
137.76874849889253
106.86902781607763
117.70970627218304
137.27326046796077
142.92431460591177
128.72518836119093
161.0693391568891
181.73498644338125
170.6030415590168
188.1692847124825
192.30194097799307
195.19649614576034
190.78777582409376
182.74876043170627
201.05800210526107
180.90707569606798
205.81954552191579
191.79894810659187
177.85877286484094
168.39909337860783
156.2623729238946
139.69476179227874
113.92209640510814
109.79368863955119
83.22819074333802
75.56661991584852
79.59319775596073
