62.97861150070126
64.76075145788737
52.563132022471905
64.55168539325842
53.06959269662921
56.22801966292135
50.75435393258427
39.38609550561798
44.35912921348314
46.353370786516855
34.822823033707856
38.71500173711181
34.27212078651686
31.338623595505624
31.46952247191011
37.854269786857984
38.75316455696203
32.38101265822785
40.97060369324508
46.75840867992767
49.01871921182266
41.92322308233638
41.92828993666432
49.43560872624912
36.11907107670655
55.60492610837439
76.23166783954962
118.52513162720163
149.6335679099226
181.46170664380367
199.36432490936136
229.33734177215192
229.0866661024951
251.57153893806182
202.92983903295058
216.54438575080843
247.54240506329114
257.6020635316545
230.20530469717352
211.3451384744208
205.6437539610677
200.94222279489745
223.0892329345531
188.2214911141727
195.9953275316926
201.29969001199314
203.90375365493455
211.22528572319368
214.26687526167166
208.70951727701123
214.37025316455694
194.4829113924051
208.04683544303793
181.19246118351316
168.61234688703664
164.83260716795502
200.0442726633872
192.55583489161992
152.76068072082245
179.67616741809914
157.76036542515814
150.28468025298667
144.66630758693128
142.58759885070765
131.91735769501054
135.24162493217221
125.82531645569621
139.45981230527144
117.14396988152022
111.76874849889253
125.36902781607763
132.20970627218304
125.27326046796075
137.42431460591177
157.22518836119093
132.5693391568891
150.23498644338125
199.6030415590168
205.1692847124825
190.30194097799307
205.19649614576034
212.78777582409376
224.74876043170627
221.55800210526107
219.90707569606798
170.31954552191579
171.79894810659187
159.85877286484094
182.39909337860783
163.7623729238946
129.69476179227874
127.92209640510814
106.29368863955119
110.22819074333802
90.56661991584852
79.59319775596073
