61.97861150070126
70.26075145788737
71.0631320224719
50.051685393258424
45.56959269662921
44.22801966292135
39.25435393258427
36.88609550561798
45.35912921348314
41.853370786516855
44.322823033707856
37.21500173711181
35.77212078651686
42.838623595505624
38.46952247191011
32.854269786857984
41.25316455696203
44.38101265822785
45.97060369324508
43.25840867992767
32.01871921182266
35.42322308233638
38.42828993666432
47.93560872624912
36.61907107670655
47.60492610837439
63.231667839549615
114.52513162720163
148.1335679099226
185.46170664380367
185.86432490936136
221.33734177215192
223.5866661024951
231.57153893806182
227.92983903295058
255.54438575080843
238.54240506329114
235.1020635316545
237.70530469717352
223.8451384744208
218.1437539610677
232.94222279489745
205.5892329345531
209.7214911141727
188.9953275316926
217.79969001199314
234.90375365493455
207.72528572319368
192.26687526167166
217.70951727701123
189.37025316455694
173.9829113924051
197.54683544303793
162.19246118351316
206.11234688703664
164.83260716795502
191.5442726633872
160.55583489161992
175.76068072082245
157.17616741809914
157.76036542515814
137.78468025298667
161.6663075869318
120.58759885070765
138.41735769501054
142.24162493217221
119.32531645569621
136.95981230527144
122.14396988152022
127.76874849889253
107.86902781607763
128.20970627218304
143.27326046796077
138.92431460591177
120.72518836119094
143.5693391568891
146.23498644338125
172.6030415590168
187.6692847124825
180.80194097799307
186.19649614576034
172.78777582409376
191.74876043170627
233.55800210526107
187.90707569606798
193.81954552191579
185.79894810659187
163.35877286484094
174.39909337860783
163.7623729238946
141.69476179227874
117.42209640510814
94.79368863955119
90.72819074333802
75.56661991584852
71.09319775596073
