74.47861150070126
55.260751457887366
56.563132022471905
47.051685393258424
45.56959269662921
47.72801966292135
54.75435393258427
43.88609550561798
50.85912921348314
52.353370786516855
38.322823033707856
49.21500173711181
36.27212078651686
39.338623595505624
33.96952247191011
30.85426978685798
41.75316455696203
41.88101265822785
46.97060369324508
38.75840867992767
35.01871921182266
33.92322308233638
43.42828993666432
48.93560872624912
54.11907107670655
59.10492610837439
65.73166783954962
127.02513162720163
135.6335679099226
148.96170664380367
162.36432490936136
186.33734177215192
206.5866661024951
242.07153893806182
207.92983903295058
251.54438575080843
219.04240506329114
250.6020635316545
226.20530469717352
209.3451384744208
249.6437539610677
194.94222279489745
236.5892329345531
194.2214911141727
183.4953275316926
212.79969001199314
219.90375365493455
205.72528572319368
211.76687526167166
184.20951727701123
173.87025316455694
194.9829113924051
208.04683544303793
202.69246118351316
171.11234688703664
208.83260716795502
177.0442726633872
179.05583489161992
163.76068072082245
176.17616741809914
170.76036542515814
156.28468025298667
165.6663075869319
126.58759885070765
125.41735769501052
142.24162493217221
142.82531645569622
136.95981230527144
122.14396988152022
138.76874849889253
123.86902781607763
124.20970627218304
146.77326046796077
136.42431460591177
136.72518836119093
162.5693391568891
172.23498644338125
178.1030415590168
162.1692847124825
165.80194097799307
176.19649614576034
218.28777582409376
200.74876043170627
240.55800210526107
204.90707569606798
173.81954552191579
175.29894810659187
176.85877286484094
154.89909337860783
161.2623729238946
147.19476179227874
106.42209640510814
93.79368863955119
94.22819074333802
88.56661991584852
89.09319775596073
