80.47861150070126
65.76075145788737
67.0631320224719
59.051685393258424
54.06959269662921
46.22801966292135
48.75435393258427
42.88609550561798
35.85912921348314
51.853370786516855
44.822823033707856
35.71500173711181
38.27212078651686
39.838623595505624
38.46952247191011
30.85426978685798
38.25316455696203
31.381012658227853
46.47060369324508
42.25840867992767
34.51871921182266
41.92322308233638
39.42828993666432
50.93560872624912
54.11907107670655
58.10492610837439
64.73166783954962
130.52513162720163
163.1335679099226
167.46170664380367
201.86432490936136
220.33734177215192
214.5866661024951
230.57153893806182
205.92983903295058
230.54438575080843
235.54240506329114
230.6020635316545
256.7053046971735
232.3451384744208
198.1437539610677
207.94222279489745
239.0892329345531
192.7214911141727
230.9953275316926
217.29969001199314
186.90375365493455
226.72528572319368
222.76687526167166
207.70951727701123
214.87025316455694
173.4829113924051
190.04683544303793
194.69246118351316
176.11234688703664
202.33260716795502
190.5442726633872
193.55583489161992
171.76068072082245
163.17616741809914
179.26036542515814
154.78468025298667
134.166307586931
124.08759885070765
120.91735769501052
119.7416249321722
112.82531645569621
130.95981230527144
136.1439698815202
118.26874849889253
137.36902781607762
136.20970627218304
125.77326046796075
139.92431460591177
144.72518836119093
135.5693391568891
147.23498644338125
178.1030415590168
172.6692847124825
187.30194097799307
210.69649614576034
203.78777582409376
219.24876043170627
230.05800210526107
208.40707569606798
197.31954552191579
160.79894810659187
191.85877286484094
156.39909337860783
137.7623729238946
127.69476179227874
129.42209640510814
116.79368863955119
86.72819074333802
95.56661991584852
82.59319775596073
