61.97861150070126
70.26075145788737
60.563132022471905
57.051685393258424
53.56959269662921
53.72801966292135
46.75435393258427
43.38609550561798
48.85912921348314
39.353370786516855
48.322823033707856
46.71500173711181
34.77212078651686
29.838623595505624
31.46952247191011
41.354269786857984
44.25316455696203
40.38101265822785
35.97060369324508
34.25840867992767
47.51871921182266
40.92322308233638
49.92828993666432
47.93560872624912
40.11907107670655
61.10492610837439
75.73166783954962
113.52513162720163
171.6335679099226
166.96170664380367
206.36432490936136
218.33734177215192
246.0866661024951
251.57153893806182
205.42983903295058
210.04438575080843
253.04240506329114
241.6020635316545
243.70530469717352
218.8451384744208
227.6437539610677
192.94222279489745
226.5892329345531
214.2214911141727
193.9953275316926
214.79969001199314
199.40375365493455
188.22528572319368
204.76687526167166
184.70951727701123
198.87025316455694
201.4829113924051
202.54683544303793
174.19246118351316
176.61234688703664
182.83260716795502
166.0442726633872
194.55583489161992
179.76068072082245
166.67616741809914
160.26036542515814
154.28468025298667
145.66630758693134
120.58759885070765
131.41735769501054
123.7416249321722
139.32531645569622
134.95981230527144
120.64396988152022
118.26874849889253
131.86902781607762
123.70970627218304
129.27326046796077
116.42431460591176
122.22518836119094
147.0693391568891
157.73498644338125
164.1030415590168
172.6692847124825
193.80194097799307
169.19649614576034
198.78777582409376
208.24876043170627
227.05800210526107
222.40707569606798
184.31954552191579
171.79894810659187
187.35877286484094
180.39909337860783
166.2623729238946
147.69476179227874
106.42209640510814
119.29368863955119
108.72819074333802
74.56661991584852
75.09319775596073
