78.47861150070126
66.26075145788737
53.563132022471905
53.051685393258424
45.56959269662921
41.72801966292135
47.25435393258427
45.38609550561798
44.35912921348314
48.353370786516855
43.322823033707856
33.21500173711181
30.772120786516858
35.338623595505624
38.46952247191011
31.35426978685798
29.753164556962027
36.88101265822785
36.47060369324508
47.25840867992767
43.01871921182266
38.42322308233638
49.92828993666432
48.93560872624912
47.61907107670655
42.10492610837439
65.73166783954962
134.52513162720163
153.6335679099226
158.96170664380367
190.36432490936136
229.83734177215192
218.5866661024951
212.57153893806182
222.92983903295058
226.54438575080843
240.54240506329114
214.6020635316545
212.20530469717352
222.8451384744208
238.6437539610677
204.94222279489745
223.0892329345531
216.7214911141727
196.9953275316926
218.79969001199314
186.90375365493455
232.72528572319368
206.76687526167166
175.70951727701123
204.37025316455694
208.9829113924051
187.54683544303793
189.19246118351316
175.61234688703664
178.33260716795502
168.0442726633872
174.05583489161992
180.26068072082245
153.67616741809914
146.76036542515814
173.78468025298667
140.66630758693117
144.08759885070765
138.91735769501054
124.2416249321722
121.82531645569621
139.95981230527144
113.64396988152022
112.76874849889253
132.36902781607762
136.20970627218304
130.27326046796077
137.92431460591177
141.72518836119093
136.0693391568891
154.23498644338125
167.1030415590168
184.6692847124825
167.30194097799307
200.69649614576034
174.78777582409376
202.24876043170627
231.05800210526107
197.90707569606798
169.81954552191579
171.79894810659187
154.35877286484094
180.39909337860783
155.2623729238946
137.69476179227874
123.92209640510814
109.79368863955119
100.72819074333802
89.56661991584852
78.09319775596073
