63.47861150070126
67.76075145788737
52.563132022471905
50.551685393258424
46.06959269662921
57.72801966292135
53.25435393258427
39.38609550561798
42.35912921348314
44.853370786516855
40.322823033707856
40.21500173711181
41.27212078651686
35.838623595505624
31.46952247191011
29.85426978685798
34.75316455696203
45.88101265822785
35.97060369324508
46.75840867992767
40.51871921182266
47.42322308233638
39.42828993666432
39.93560872624912
41.11907107670655
53.10492610837439
81.23166783954962
128.02513162720163
143.1335679099226
181.46170664380367
195.36432490936136
191.83734177215192
250.0866661024951
256.57153893806185
207.42983903295058
225.54438575080843
210.04240506329114
205.1020635316545
208.70530469717352
231.8451384744208
218.1437539610677
207.94222279489745
210.0892329345531
235.2214911141727
223.4953275316926
190.79969001199314
199.40375365493455
219.72528572319368
197.26687526167166
221.70951727701123
177.37025316455694
189.4829113924051
194.04683544303793
188.19246118351316
209.11234688703664
166.33260716795502
203.5442726633872
187.05583489161992
172.26068072082245
172.67616741809914
181.76036542515814
147.28468025298667
160.66630758693174
154.58759885070765
137.41735769501054
142.24162493217221
111.32531645569621
110.95981230527143
133.1439698815202
121.76874849889253
125.86902781607763
133.70970627218304
144.77326046796077
113.42431460591176
125.72518836119094
163.5693391568891
158.73498644338125
189.6030415590168
168.1692847124825
194.30194097799307
178.69649614576034
213.78777582409376
213.74876043170627
190.05800210526107
181.90707569606798
191.81954552191579
161.79894810659187
186.35877286484094
157.39909337860783
160.7623729238946
134.19476179227874
117.92209640510814
98.79368863955119
99.22819074333802
83.56661991584852
72.09319775596073
