77.47861150070126
71.26075145788737
51.063132022471905
52.551685393258424
60.06959269662921
43.72801966292135
39.75435393258427
50.88609550561798
39.35912921348314
47.853370786516855
34.322823033707856
36.21500173711181
36.27212078651686
36.838623595505624
29.96952247191011
37.354269786857984
43.25316455696203
30.381012658227853
35.47060369324508
44.75840867992767
44.51871921182266
46.92322308233638
51.42828993666432
37.93560872624912
54.11907107670655
55.10492610837439
74.23166783954962
142.02513162720163
155.6335679099226
188.46170664380367
198.36432490936136
193.83734177215192
228.5866661024951
210.57153893806182
231.92983903295058
240.54438575080843
246.54240506329114
238.6020635316545
210.70530469717352
204.8451384744208
201.1437539610677
218.94222279489745
234.5892329345531
235.7214911141727
189.4953275316926
217.79969001199314
199.90375365493455
213.72528572319368
194.76687526167166
195.20951727701123
201.87025316455694
179.4829113924051
195.04683544303793
177.19246118351316
202.61234688703664
171.83260716795502
189.5442726633872
168.55583489161992
183.26068072082245
174.17616741809914
183.26036542515814
151.28468025298667
148.1663075869314
140.58759885070765
131.91735769501054
136.74162493217221
120.82531645569621
112.45981230527143
125.14396988152022
141.76874849889253
136.86902781607762
114.70970627218304
130.27326046796077
128.42431460591177
153.22518836119093
135.5693391568891
165.23498644338125
168.6030415590168
181.6692847124825
196.30194097799307
202.69649614576034
205.78777582409376
225.24876043170627
208.05800210526107
229.40707569606798
199.31954552191579
167.29894810659187
187.85877286484094
188.89909337860783
154.7623729238946
129.19476179227874
130.42209640510814
107.29368863955119
89.72819074333802
90.56661991584852
90.09319775596073
