77.97861150070126
58.260751457887366
70.0631320224719
53.051685393258424
45.56959269662921
47.72801966292135
39.25435393258427
52.38609550561798
50.85912921348314
43.853370786516855
40.322823033707856
44.21500173711181
40.27212078651686
33.338623595505624
33.46952247191011
32.854269786857984
29.753164556962027
36.88101265822785
34.97060369324508
40.75840867992767
34.51871921182266
38.92322308233638
35.42828993666432
47.93560872624912
46.11907107670655
54.60492610837439
68.23166783954962
113.52513162720163
156.1335679099226
160.46170664380367
206.36432490936136
188.83734177215192
221.5866661024951
244.57153893806182
242.92983903295058
213.04438575080843
253.04240506329114
248.1020635316545
258.2053046971735
213.3451384744208
198.6437539610677
198.94222279489745
201.0892329345531
205.7214911141727
184.4953275316926
207.29969001199314
227.90375365493455
233.22528572319368
191.26687526167166
206.70951727701123
210.87025316455694
175.9829113924051
178.54683544303793
183.19246118351316
199.61234688703664
186.83260716795502
203.5442726633872
195.55583489161992
177.26068072082245
189.17616741809914
173.26036542515814
139.28468025298667
155.1663075869316
140.08759885070765
150.91735769501054
122.2416249321722
122.32531645569621
122.45981230527143
131.6439698815202
134.26874849889253
113.86902781607763
127.20970627218304
139.27326046796077
117.92431460591176
129.72518836119093
159.5693391568891
173.23498644338125
192.1030415590168
206.6692847124825
197.80194097799307
169.19649614576034
192.78777582409376
187.74876043170627
216.05800210526107
227.90707569606798
204.81954552191579
173.29894810659187
196.35877286484094
152.39909337860783
167.2623729238946
140.19476179227874
116.92209640510814
118.79368863955119
90.22819074333802
89.06661991584852
83.59319775596073
