62.47861150070126
60.760751457887366
53.563132022471905
63.551685393258424
60.56959269662921
50.72801966292135
38.75435393258427
43.88609550561798
52.85912921348314
42.853370786516855
40.822823033707856
38.21500173711181
38.77212078651686
35.838623595505624
36.96952247191011
41.354269786857984
37.75316455696203
30.881012658227853
43.97060369324508
34.25840867992767
47.01871921182266
38.92322308233638
50.92828993666432
46.43560872624912
53.11907107670655
46.10492610837439
75.23166783954962
143.02513162720163
159.1335679099226
174.96170664380367
181.36432490936136
192.83734177215192
248.0866661024951
263.07153893806185
206.42983903295058
224.54438575080843
210.04240506329114
226.6020635316545
246.70530469717352
230.3451384744208
212.1437539610677
229.94222279489745
190.0892329345531
203.7214911141727
195.9953275316926
219.79969001199314
208.90375365493455
207.72528572319368
218.76687526167166
194.70951727701123
198.37025316455694
199.4829113924051
201.54683544303793
166.19246118351316
184.11234688703664
202.83260716795502
207.5442726633872
157.55583489161992
158.26068072082245
155.17616741809914
146.26036542515814
152.28468025298667
146.66630758693134
137.58759885070765
139.91735769501054
137.24162493217221
113.82531645569621
128.95981230527144
132.1439698815202
117.76874849889253
135.36902781607762
139.20970627218304
135.27326046796077
129.42431460591177
150.22518836119093
158.0693391568891
145.23498644338125
165.6030415590168
165.1692847124825
177.80194097799307
201.19649614576034
200.78777582409376
185.24876043170627
241.55800210526107
219.40707569606798
190.81954552191579
170.79894810659187
175.35877286484094
165.39909337860783
157.7623729238946
114.69476179227874
109.92209640510814
108.29368863955119
103.72819074333802
84.56661991584852
69.59319775596073
