76.97861150070126
71.76075145788737
67.5631320224719
56.051685393258424
62.06959269662921
45.22801966292135
50.25435393258427
44.88609550561798
52.85912921348314
38.853370786516855
48.322823033707856
38.71500173711181
30.272120786516858
35.838623595505624
33.46952247191011
36.854269786857984
42.25316455696203
38.88101265822785
31.97060369324508
44.25840867992767
38.51871921182266
48.92322308233638
43.92828993666432
51.43560872624912
51.11907107670655
47.60492610837439
73.73166783954962
124.02513162720163
171.1335679099226
160.46170664380367
165.36432490936136
204.33734177215192
205.5866661024951
256.07153893806185
207.42983903295058
240.04438575080843
228.04240506329114
238.1020635316545
210.20530469717352
229.8451384744208
215.1437539610677
194.94222279489745
211.5892329345531
189.2214911141727
191.4953275316926
230.79969001199314
188.40375365493455
209.22528572319368
194.26687526167166
182.70951727701123
174.87025316455694
211.4829113924051
175.54683544303793
175.19246118351316
202.61234688703664
163.33260716795502
191.5442726633872
160.05583489161992
162.76068072082245
172.67616741809914
142.76036542515814
140.78468025298667
161.6663075869318
151.08759885070765
128.41735769501054
121.7416249321722
109.82531645569621
121.95981230527143
125.64396988152022
127.76874849889253
132.36902781607762
120.70970627218304
136.77326046796077
115.92431460591176
133.22518836119093
144.5693391568891
148.73498644338125
159.1030415590168
191.1692847124825
177.80194097799307
197.69649614576034
195.78777582409376
198.24876043170627
212.05800210526107
222.90707569606798
167.31954552191579
197.29894810659187
193.85877286484094
172.39909337860783
158.7623729238946
135.69476179227874
110.92209640510814
93.79368863955119
110.22819074333802
85.06661991584852
89.59319775596073
