77.97861150070126
63.760751457887366
54.063132022471905
51.551685393258424
50.06959269662921
49.72801966292135
41.75435393258427
37.88609550561798
45.35912921348314
52.353370786516855
48.322823033707856
43.21500173711181
44.27212078651686
41.338623595505624
42.96952247191011
37.854269786857984
43.75316455696203
43.88101265822785
36.97060369324508
33.25840867992767
47.51871921182266
43.42322308233638
36.42828993666432
48.93560872624912
44.11907107670655
45.60492610837439
74.23166783954962
139.02513162720163
137.1335679099226
173.46170664380367
191.86432490936136
182.83734177215192
238.5866661024951
215.57153893806182
216.92983903295058
226.04438575080843
215.04240506329114
231.1020635316545
248.20530469717352
239.3451384744208
229.1437539610677
244.94222279489745
189.5892329345531
229.2214911141727
208.9953275316926
228.29969001199314
231.90375365493455
203.72528572319368
221.26687526167166
213.20951727701123
208.37025316455694
185.9829113924051
170.54683544303793
168.69246118351316
206.11234688703664
164.83260716795502
174.5442726633872
166.05583489161992
154.26068072082245
154.17616741809914
159.76036542515814
166.78468025298667
163.16630758693182
131.08759885070765
134.91735769501054
112.7416249321722
116.82531645569621
118.95981230527143
129.1439698815202
111.26874849889253
112.86902781607763
120.70970627218304
148.27326046796077
115.42431460591176
139.72518836119093
135.5693391568891
144.73498644338125
189.6030415590168
200.1692847124825
182.80194097799307
168.19649614576034
172.78777582409376
226.24876043170627
237.05800210526107
208.40707569606798
180.31954552191579
170.79894810659187
188.35877286484094
165.39909337860783
168.2623729238946
121.19476179227874
131.42209640510814
121.29368863955119
93.72819074333802
91.06661991584852
84.59319775596073
