73.47861150070126
56.260751457887366
51.063132022471905
65.05168539325842
60.06959269662921
44.72801966292135
43.25435393258427
50.88609550561798
47.85912921348314
50.853370786516855
38.322823033707856
42.71500173711181
39.77212078651686
35.838623595505624
33.96952247191011
39.854269786857984
42.25316455696203
29.881012658227853
30.47060369324508
44.75840867992767
43.51871921182266
49.42322308233638
40.92828993666432
46.43560872624912
51.61907107670655
61.10492610837439
79.73166783954962
117.52513162720163
153.1335679099226
178.46170664380367
187.86432490936136
206.33734177215192
218.5866661024951
235.07153893806182
218.92983903295058
217.54438575080843
240.04240506329114
213.6020635316545
229.70530469717352
211.8451384744208
202.1437539610677
236.44222279489745
211.5892329345531
192.2214911141727
213.9953275316926
212.79969001199314
199.90375365493455
232.22528572319368
213.26687526167166
206.20951727701123
184.87025316455694
167.9829113924051
170.54683544303793
199.19246118351316
190.11234688703664
190.33260716795502
197.5442726633872
175.55583489161992
165.26068072082245
185.17616741809914
167.26036542515814
141.78468025298667
161.6663075869318
150.58759885070765
119.41735769501052
112.7416249321722
118.32531645569621
113.45981230527143
120.64396988152022
138.26874849889253
134.86902781607762
139.70970627218304
135.27326046796077
136.42431460591177
121.72518836119094
163.0693391568891
164.73498644338125
176.1030415590168
206.1692847124825
191.80194097799307
199.69649614576034
181.28777582409376
205.74876043170627
209.05800210526107
213.90707569606798
190.81954552191579
165.79894810659187
168.35877286484094
168.39909337860783
161.7623729238946
133.19476179227874
127.92209640510814
115.29368863955119
99.72819074333802
96.56661991584852
82.59319775596073
