72.47861150070126
70.26075145788737
63.563132022471905
61.551685393258424
44.56959269662921
50.22801966292135
46.25435393258427
51.38609550561798
44.35912921348314
51.853370786516855
36.322823033707856
46.71500173711181
33.77212078651686
37.338623595505624
32.46952247191011
43.854269786857984
32.25316455696203
30.381012658227853
38.47060369324508
43.75840867992767
45.51871921182266
49.92322308233638
36.42828993666432
38.93560872624912
42.61907107670655
60.10492610837439
62.731667839549615
125.52513162720163
165.1335679099226
171.96170664380367
174.36432490936136
184.83734177215192
235.0866661024951
226.07153893806182
229.92983903295058
242.54438575080843
249.04240506329114
247.1020635316545
247.70530469717352
222.8451384744208
210.1437539610677
205.44222279489745
196.5892329345531
203.7214911141727
206.4953275316926
234.79969001199314
219.90375365493455
198.72528572319368
206.26687526167166
204.20951727701123
198.37025316455694
169.9829113924051
179.54683544303793
193.19246118351316
203.61234688703664
176.83260716795502
199.0442726633872
168.55583489161992
171.76068072082245
163.17616741809914
158.26036542515814
137.28468025298667
144.66630758693128
141.58759885070765
141.91735769501054
115.2416249321722
121.32531645569621
110.95981230527143
124.64396988152022
127.76874849889253
131.36902781607762
109.70970627218304
133.77326046796077
123.42431460591176
153.22518836119093
164.0693391568891
172.73498644338125
186.6030415590168
194.1692847124825
184.80194097799307
170.19649614576034
208.28777582409376
199.74876043170627
229.05800210526107
213.90707569606798
205.81954552191579
203.29894810659187
190.85877286484094
169.39909337860783
153.2623729238946
145.69476179227874
133.92209640510814
96.29368863955119
92.72819074333802
89.06661991584852
72.09319775596073
