67.97861150070126
53.760751457887366
56.563132022471905
61.051685393258424
62.56959269662921
59.22801966292135
43.75435393258427
39.88609550561798
46.35912921348314
49.853370786516855
36.322823033707856
39.21500173711181
34.77212078651686
40.838623595505624
42.46952247191011
39.854269786857984
39.75316455696203
33.88101265822785
35.47060369324508
32.75840867992767
36.51871921182266
37.92322308233638
49.92828993666432
41.93560872624912
44.11907107670655
48.10492610837439
63.731667839549615
132.02513162720163
166.6335679099226
181.96170664380367
181.86432490936136
224.83734177215192
220.5866661024951
215.07153893806182
205.42983903295058
221.04438575080843
207.04240506329114
212.1020635316545
260.2053046971735
237.3451384744208
212.6437539610677
234.94222279489745
216.5892329345531
187.2214911141727
208.9953275316926
205.29969001199314
192.90375365493455
185.22528572319368
199.76687526167166
195.70951727701123
181.87025316455694
183.4829113924051
173.04683544303793
181.69246118351316
188.61234688703664
207.33260716795502
188.0442726633872
172.05583489161992
160.26068072082245
166.17616741809914
175.76036542515814
155.78468025298667
164.16630758693185
134.58759885070765
140.91735769501054
116.7416249321722
131.32531645569622
112.45981230527143
126.64396988152022
137.26874849889253
114.86902781607763
141.20970627218304
121.27326046796075
139.92431460591177
123.22518836119094
160.0693391568891
169.23498644338125
181.6030415590168
204.1692847124825
175.30194097799307
212.19649614576034
196.28777582409376
202.74876043170627
214.05800210526107
202.90707569606798
207.31954552191579
186.79894810659187
157.35877286484094
149.89909337860783
139.7623729238946
116.19476179227874
109.42209640510814
104.79368863955119
90.22819074333802
96.56661991584852
89.09319775596073
