69.47861150070126
61.760751457887366
58.063132022471905
59.551685393258424
61.56959269662921
55.22801966292135
49.75435393258427
47.88609550561798
39.35912921348314
50.853370786516855
41.322823033707856
47.71500173711181
42.27212078651686
38.338623595505624
29.96952247191011
40.354269786857984
36.25316455696203
41.38101265822785
40.47060369324508
47.75840867992767
33.01871921182266
46.42322308233638
46.92828993666432
39.93560872624912
48.61907107670655
44.60492610837439
80.73166783954962
113.52513162720163
169.1335679099226
160.46170664380367
168.36432490936136
215.33734177215192
249.0866661024951
217.07153893806182
231.42983903295058
239.54438575080843
238.04240506329114
228.1020635316545
236.20530469717352
226.3451384744208
216.1437539610677
223.94222279489745
206.5892329345531
189.7214911141727
190.4953275316926
199.79969001199314
225.40375365493455
204.72528572319368
227.26687526167166
197.70951727701123
194.87025316455694
180.9829113924051
171.04683544303793
198.19246118351316
172.11234688703664
167.83260716795502
204.5442726633872
163.55583489161992
169.26068072082245
189.67616741809914
171.76036542515814
162.78468025298667
144.66630758693128
139.08759885070765
144.91735769501054
121.7416249321722
143.32531645569622
132.45981230527144
109.14396988152022
134.26874849889253
128.36902781607762
109.70970627218304
140.77326046796077
140.92431460591177
130.22518836119093
139.0693391568891
146.23498644338125
173.1030415590168
206.6692847124825
186.80194097799307
167.69649614576034
214.78777582409376
227.24876043170627
236.55800210526107
193.40707569606798
201.81954552191579
200.79894810659187
154.85877286484094
183.39909337860783
167.7623729238946
120.69476179227874
127.92209640510814
119.29368863955119
106.72819074333802
74.56661991584852
79.59319775596073
