61.47861150070126
59.760751457887366
70.0631320224719
47.551685393258424
61.06959269662921
49.72801966292135
51.25435393258427
49.88609550561798
43.35912921348314
43.353370786516855
39.822823033707856
41.71500173711181
32.77212078651686
37.338623595505624
27.96952247191011
39.854269786857984
44.75316455696203
40.88101265822785
39.97060369324508
32.25840867992767
32.51871921182266
48.92322308233638
51.42828993666432
44.43560872624912
45.11907107670655
53.10492610837439
81.73166783954962
122.02513162720163
138.1335679099226
166.46170664380367
168.36432490936136
211.83734177215192
206.0866661024951
219.07153893806182
215.42983903295058
217.04438575080843
223.04240506329114
258.6020635316545
246.20530469717352
220.3451384744208
220.1437539610677
242.44222279489745
204.0892329345531
199.2214911141727
215.4953275316926
191.29969001199314
188.40375365493455
221.72528572319368
205.26687526167166
176.20951727701123
194.87025316455694
204.4829113924051
200.54683544303793
200.69246118351316
198.61234688703664
180.83260716795502
192.5442726633872
170.05583489161992
154.26068072082245
180.67616741809914
170.26036542515814
173.78468025298667
133.666307586931
138.58759885070765
131.41735769501054
126.2416249321722
126.82531645569621
121.95981230527143
132.1439698815202
138.26874849889253
126.36902781607763
128.70970627218304
140.27326046796077
142.42431460591177
121.22518836119094
137.0693391568891
170.23498644338125
177.6030415590168
180.1692847124825
163.80194097799307
192.69649614576034
173.28777582409376
183.74876043170627
212.05800210526107
185.40707569606798
181.81954552191579
177.79894810659187
158.85877286484094
179.89909337860783
134.7623729238946
136.69476179227874
128.42209640510814
98.29368863955119
90.72819074333802
78.56661991584852
78.59319775596073
