74.97861150070126
64.76075145788737
53.563132022471905
59.051685393258424
46.06959269662921
55.72801966292135
55.25435393258427
44.88609550561798
42.85912921348314
50.353370786516855
39.322823033707856
47.21500173711181
29.272120786516858
33.338623595505624
41.96952247191011
34.854269786857984
38.75316455696203
33.88101265822785
32.97060369324508
44.25840867992767
36.51871921182266
46.92322308233638
41.92828993666432
43.43560872624912
42.61907107670655
43.60492610837439
62.731667839549615
128.52513162720163
166.1335679099226
158.96170664380367
207.36432490936136
187.83734177215192
226.0866661024951
221.57153893806182
214.92983903295058
251.04438575080843
229.04240506329114
241.6020635316545
218.70530469717352
241.3451384744208
239.1437539610677
233.94222279489745
206.0892329345531
185.7214911141727
223.4953275316926
215.29969001199314
211.90375365493455
204.22528572319368
227.26687526167166
214.20951727701123
211.87025316455694
189.9829113924051
162.54683544303793
207.69246118351316
209.11234688703664
187.33260716795502
202.0442726633872
194.05583489161992
150.76068072082245
156.67616741809914
146.76036542515814
143.78468025298667
130.16630758693088
146.08759885070765
122.91735769501052
118.2416249321722
139.82531645569622
119.45981230527143
116.64396988152022
121.76874849889253
134.36902781607762
115.70970627218304
125.27326046796075
140.42431460591177
123.22518836119094
169.5693391568891
160.23498644338125
174.6030415590168
162.6692847124825
174.30194097799307
207.19649614576034
193.78777582409376
207.74876043170627
224.55800210526107
227.90707569606798
192.31954552191579
201.29894810659187
177.85877286484094
154.89909337860783
135.2623729238946
117.19476179227874
124.92209640510814
119.29368863955119
108.72819074333802
73.06661991584852
86.59319775596073
