78.47861150070126
65.76075145788737
70.5631320224719
48.551685393258424
49.06959269662921
47.72801966292135
46.75435393258427
37.88609550561798
45.35912921348314
51.853370786516855
37.322823033707856
35.21500173711181
38.77212078651686
29.338623595505624
30.96952247191011
28.85426978685798
34.25316455696203
43.88101265822785
31.47060369324508
36.75840867992767
41.01871921182266
38.92322308233638
42.42828993666432
34.93560872624912
50.11907107670655
54.60492610837439
82.23166783954962
109.52513162720163
145.6335679099226
146.46170664380367
192.86432490936136
225.83734177215192
243.0866661024951
262.07153893806185
238.92983903295058
240.04438575080843
239.54240506329114
230.1020635316545
247.20530469717352
235.8451384744208
236.6437539610677
226.44222279489745
192.5892329345531
208.2214911141727
208.9953275316926
230.29969001199314
191.40375365493455
194.72528572319368
220.26687526167166
174.20951727701123
184.37025316455694
183.4829113924051
199.04683544303793
204.19246118351316
183.11234688703664
180.83260716795502
183.5442726633872
184.55583489161992
159.26068072082245
156.67616741809914
160.76036542515814
151.78468025298667
138.6663075869311
134.58759885070765
130.41735769501054
115.2416249321722
139.82531645569622
127.45981230527143
129.1439698815202
122.76874849889253
115.36902781607763
123.70970627218304
116.77326046796075
128.92431460591177
121.72518836119094
168.0693391568891
181.73498644338125
173.6030415590168
176.1692847124825
190.80194097799307
175.69649614576034
172.78777582409376
210.24876043170627
228.05800210526107
217.40707569606798
172.31954552191579
202.29894810659187
185.85877286484094
178.89909337860783
139.2623729238946
143.69476179227874
133.42209640510814
94.79368863955119
94.22819074333802
85.06661991584852
76.09319775596073
