83.47861150070126
66.76075145788737
70.5631320224719
61.551685393258424
64.0695926966292
53.22801966292135
49.25435393258427
41.88609550561798
36.35912921348314
47.853370786516855
33.822823033707856
45.21500173711181
29.272120786516858
31.838623595505624
43.96952247191011
41.854269786857984
44.25316455696203
31.881012658227853
37.47060369324508
35.25840867992767
45.51871921182266
49.92322308233638
36.42828993666432
38.43560872624912
40.11907107670655
57.60492610837439
69.73166783954962
132.52513162720163
165.1335679099226
160.96170664380367
175.86432490936136
198.33734177215192
251.5866661024951
251.07153893806182
206.42983903295058
256.04438575080843
229.04240506329114
238.6020635316545
257.2053046971735
223.8451384744208
235.6437539610677
220.44222279489745
208.5892329345531
205.2214911141727
193.9953275316926
230.29969001199314
198.90375365493455
213.22528572319368
187.26687526167166
190.70951727701123
200.37025316455694
176.9829113924051
187.04683544303793
205.69246118351316
173.11234688703664
205.83260716795502
181.0442726633872
158.05583489161992
169.76068072082245
164.17616741809914
175.26036542515814
164.28468025298667
156.16630758693162
143.58759885070765
151.91735769501054
137.74162493217221
143.32531645569622
128.95981230527144
120.14396988152022
118.26874849889253
130.86902781607762
136.70970627218304
116.77326046796075
120.42431460591176
143.22518836119093
136.5693391568891
160.23498644338125
180.1030415590168
199.1692847124825
180.30194097799307
211.69649614576034
218.28777582409376
228.74876043170627
229.55800210526107
224.90707569606798
184.31954552191579
196.79894810659187
176.85877286484094
164.89909337860783
136.7623729238946
117.19476179227874
114.92209640510814
102.79368863955119
105.22819074333802
82.06661991584852
86.09319775596073
