81.47861150070126
66.26075145788737
56.063132022471905
57.551685393258424
54.56959269662921
53.72801966292135
50.25435393258427
44.38609550561798
39.85912921348314
37.353370786516855
45.822823033707856
42.21500173711181
45.27212078651686
40.838623595505624
42.96952247191011
39.854269786857984
45.75316455696203
42.88101265822785
44.47060369324508
43.75840867992767
39.01871921182266
39.92322308233638
41.42828993666432
40.43560872624912
52.61907107670655
59.60492610837439
62.731667839549615
122.02513162720163
139.6335679099226
173.46170664380367
204.36432490936136
203.33734177215192
218.0866661024951
252.57153893806182
224.42983903295058
205.04438575080843
220.04240506329114
205.1020635316545
236.20530469717352
220.8451384744208
219.6437539610677
243.94222279489745
223.5892329345531
195.2214911141727
213.9953275316926
234.29969001199314
226.90375365493455
191.22528572319368
228.26687526167166
195.70951727701123
204.37025316455694
211.4829113924051
181.54683544303793
201.19246118351316
167.11234688703664
174.83260716795502
171.5442726633872
155.55583489161992
177.26068072082245
151.67616741809914
175.76036542515814
144.78468025298667
160.16630758693174
143.08759885070765
138.91735769501054
144.74162493217221
127.82531645569621
132.95981230527144
112.64396988152022
110.76874849889253
125.86902781607763
111.70970627218304
119.27326046796075
128.42431460591177
137.22518836119093
162.5693391568891
145.73498644338125
181.6030415590168
171.6692847124825
157.30194097799307
192.69649614576034
175.28777582409376
220.24876043170627
236.05800210526107
205.90707569606798
207.31954552191579
172.79894810659187
172.85877286484094
164.39909337860783
133.7623729238946
128.19476179227874
130.92209640510814
114.29368863955119
96.22819074333802
92.56661991584852
89.09319775596073
