83.47861150070126
69.26075145788737
67.5631320224719
54.051685393258424
62.06959269662921
50.72801966292135
47.25435393258427
46.38609550561798
41.85912921348314
40.853370786516855
35.322823033707856
34.21500173711181
42.27212078651686
30.338623595505624
43.46952247191011
28.35426978685798
33.25316455696203
36.88101265822785
34.47060369324508
36.25840867992767
47.51871921182266
42.92322308233638
34.92828993666432
39.93560872624912
50.61907107670655
54.10492610837439
74.73166783954962
110.52513162720163
154.1335679099226
188.46170664380367
192.36432490936136
227.83734177215192
233.5866661024951
213.57153893806182
234.42983903295058
208.04438575080843
249.04240506329114
230.6020635316545
230.20530469717352
214.3451384744208
201.6437539610677
239.94222279489745
220.5892329345531
184.7214911141727
197.9953275316926
236.79969001199314
215.90375365493455
203.22528572319368
194.26687526167166
205.20951727701123
178.37025316455694
210.9829113924051
207.54683544303793
197.19246118351316
163.61234688703664
203.83260716795502
192.5442726633872
156.55583489161992
160.26068072082245
152.17616741809914
147.76036542515814
163.78468025298667
148.1663075869314
147.08759885070765
153.91735769501054
127.7416249321722
122.32531645569621
108.95981230527143
117.64396988152022
113.76874849889253
136.86902781607762
113.20970627218304
136.77326046796077
114.92431460591176
125.22518836119094
149.0693391568891
183.23498644338125
197.1030415590168
169.6692847124825
165.80194097799307
173.19649614576034
173.78777582409376
212.24876043170627
232.05800210526107
215.90707569606798
168.31954552191579
181.29894810659187
179.85877286484094
166.39909337860783
158.2623729238946
116.19476179227874
132.92209640510814
106.29368863955119
90.72819074333802
92.06661991584852
76.09319775596073
