78.47861150070126
56.260751457887366
58.063132022471905
47.551685393258424
47.06959269662921
57.22801966292135
47.25435393258427
41.88609550561798
40.35912921348314
45.853370786516855
49.822823033707856
37.71500173711181
40.77212078651686
30.838623595505624
35.96952247191011
41.354269786857984
36.25316455696203
44.88101265822785
35.47060369324508
34.25840867992767
46.01871921182266
46.42322308233638
46.42828993666432
44.93560872624912
47.11907107670655
59.60492610837439
75.73166783954962
116.02513162720163
134.6335679099226
176.96170664380367
169.86432490936136
202.83734177215192
213.0866661024951
238.57153893806182
220.42983903295058
214.04438575080843
204.04240506329114
228.6020635316545
252.70530469717352
232.8451384744208
203.1437539610677
212.94222279489745
225.0892329345531
206.2214911141727
216.4953275316926
193.79969001199314
234.90375365493455
196.22528572319368
209.26687526167166
196.70951727701123
209.87025316455694
168.4829113924051
179.54683544303793
203.19246118351316
171.61234688703664
209.33260716795502
187.0442726633872
190.05583489161992
188.76068072082245
182.67616741809914
153.26036542515814
168.28468025298667
128.16630758693083
136.08759885070765
145.41735769501054
130.24162493217221
131.82531645569622
140.95981230527144
138.1439698815202
133.26874849889253
129.86902781607762
124.20970627218304
131.27326046796077
140.42431460591177
154.22518836119093
171.5693391568891
155.23498644338125
158.6030415590168
198.6692847124825
175.80194097799307
207.69649614576034
214.28777582409376
185.74876043170627
193.05800210526107
186.40707569606798
175.81954552191579
205.79894810659187
190.35877286484094
162.89909337860783
162.2623729238946
133.69476179227874
129.92209640510814
115.79368863955119
100.72819074333802
80.06661991584852
88.09319775596073
