78.47861150070126
61.260751457887366
69.0631320224719
54.551685393258424
51.06959269662921
54.22801966292135
44.25435393258427
52.88609550561798
52.85912921348314
36.353370786516855
40.822823033707856
38.71500173711181
45.27212078651686
39.838623595505624
38.96952247191011
31.85426978685798
30.253164556962027
42.38101265822785
35.97060369324508
33.25840867992767
36.51871921182266
44.42322308233638
34.42828993666432
50.43560872624912
53.61907107670655
50.10492610837439
64.73166783954962
110.02513162720163
173.1335679099226
174.96170664380367
176.86432490936136
201.33734177215192
213.0866661024951
208.57153893806182
207.42983903295058
231.54438575080843
244.04240506329114
211.6020635316545
246.70530469717352
221.3451384744208
205.6437539610677
233.94222279489745
234.5892329345531
196.7214911141727
208.4953275316926
195.29969001199314
202.90375365493455
204.22528572319368
190.26687526167166
212.20951727701123
195.87025316455694
190.9829113924051
163.54683544303793
196.19246118351316
187.11234688703664
202.83260716795502
191.0442726633872
163.55583489161992
188.26068072082245
160.17616741809914
164.26036542515814
139.28468025298667
151.6663075869315
141.08759885070765
153.41735769501054
145.24162493217221
138.32531645569622
140.45981230527144
135.1439698815202
116.26874849889253
118.86902781607763
128.70970627218304
134.27326046796077
127.42431460591176
123.72518836119094
166.5693391568891
148.23498644338125
159.6030415590168
202.6692847124825
165.80194097799307
205.69649614576034
179.28777582409376
224.74876043170627
201.05800210526107
197.40707569606798
203.31954552191579
201.79894810659187
194.35877286484094
164.39909337860783
165.7623729238946
137.69476179227874
119.42209640510814
103.79368863955119
106.22819074333802
75.06661991584852
81.59319775596073
