66.97861150070126
56.760751457887366
58.063132022471905
49.051685393258424
53.56959269662921
60.72801966292135
48.25435393258427
42.88609550561798
38.35912921348314
51.853370786516855
37.822823033707856
32.21500173711181
36.77212078651686
36.338623595505624
43.96952247191011
41.854269786857984
42.25316455696203
36.88101265822785
41.97060369324508
36.75840867992767
47.01871921182266
37.42322308233638
49.42828993666432
50.93560872624912
42.11907107670655
43.60492610837439
81.23166783954962
118.02513162720163
138.6335679099226
171.46170664380367
171.36432490936136
203.33734177215192
242.5866661024951
222.57153893806182
214.92983903295058
245.54438575080843
225.04240506329114
232.6020635316545
224.70530469717352
200.8451384744208
225.6437539610677
231.94222279489745
213.0892329345531
200.7214911141727
209.4953275316926
233.79969001199314
202.40375365493455
196.22528572319368
201.76687526167166
205.20951727701123
212.87025316455694
167.9829113924051
201.54683544303793
165.19246118351316
193.61234688703664
208.83260716795502
172.0442726633872
162.55583489161992
177.26068072082245
150.17616741809914
175.76036542515814
164.28468025298667
142.66630758693123
133.58759885070765
140.41735769501054
112.7416249321722
117.82531645569621
128.45981230527144
132.6439698815202
111.76874849889253
125.36902781607763
128.70970627218304
138.27326046796077
135.92431460591177
137.72518836119093
143.0693391568891
144.73498644338125
185.6030415590168
202.1692847124825
174.80194097799307
193.69649614576034
202.28777582409376
194.24876043170627
234.05800210526107
186.40707569606798
181.81954552191579
204.79894810659187
174.85877286484094
173.89909337860783
152.7623729238946
146.69476179227874
118.92209640510814
103.29368863955119
82.72819074333802
78.56661991584852
86.59319775596073
