66.47861150070126
64.76075145788737
55.563132022471905
46.051685393258424
54.06959269662921
54.22801966292135
40.25435393258427
45.88609550561798
48.35912921348314
52.853370786516855
32.822823033707856
42.71500173711181
40.77212078651686
29.338623595505624
38.96952247191011
37.854269786857984
43.75316455696203
45.88101265822785
40.47060369324508
31.75840867992767
49.01871921182266
40.42322308233638
47.42828993666432
44.93560872624912
51.61907107670655
47.10492610837439
66.23166783954962
117.02513162720163
145.1335679099226
178.96170664380367
184.36432490936136
229.83734177215192
216.5866661024951
251.07153893806182
230.92983903295058
255.54438575080843
242.54240506329114
216.1020635316545
217.20530469717352
245.8451384744208
227.6437539610677
210.44222279489745
204.5892329345531
223.2214911141727
195.4953275316926
186.79969001199314
202.90375365493455
194.22528572319368
213.76687526167166
203.70951727701123
168.87025316455694
183.9829113924051
199.54683544303793
172.19246118351316
180.11234688703664
180.83260716795502
164.5442726633872
181.05583489161992
174.26068072082245
156.67616741809914
153.76036542515814
169.28468025298667
165.6663075869319
134.58759885070765
139.41735769501054
120.2416249321722
115.82531645569621
122.45981230527143
124.64396988152022
139.76874849889253
107.36902781607763
134.20970627218304
148.27326046796077
119.92431460591176
149.22518836119093
146.5693391568891
171.73498644338125
195.6030415590168
178.1692847124825
189.30194097799307
170.69649614576034
179.28777582409376
213.74876043170627
203.05800210526107
180.90707569606798
169.31954552191579
202.29894810659187
179.35877286484094
180.39909337860783
160.7623729238946
148.19476179227874
130.92209640510814
98.29368863955119
94.72819074333802
77.56661991584852
74.59319775596073
