60.97861150070126
56.260751457887366
61.063132022471905
52.051685393258424
63.56959269662921
56.72801966292135
55.75435393258427
39.38609550561798
41.85912921348314
43.853370786516855
33.822823033707856
38.21500173711181
36.27212078651686
38.338623595505624
29.96952247191011
39.854269786857984
43.25316455696203
38.38101265822785
44.47060369324508
32.75840867992767
36.01871921182266
38.42322308233638
45.92828993666432
46.93560872624912
37.11907107670655
54.10492610837439
74.73166783954962
132.52513162720163
162.1335679099226
168.46170664380367
170.86432490936136
181.33734177215192
208.0866661024951
260.07153893806185
212.42983903295058
209.54438575080843
205.54240506329114
247.6020635316545
233.70530469717352
250.3451384744208
201.1437539610677
206.44222279489745
212.5892329345531
194.7214911141727
210.4953275316926
200.29969001199314
211.90375365493455
190.72528572319368
202.26687526167166
196.20951727701123
175.37025316455694
180.9829113924051
162.54683544303793
171.19246118351316
180.61234688703664
182.33260716795502
189.0442726633872
179.55583489161992
176.76068072082245
169.17616741809914
154.26036542515814
144.28468025298667
144.66630758693128
121.08759885070765
120.91735769501052
129.74162493217221
141.32531645569622
108.95981230527143
117.64396988152022
116.26874849889253
107.86902781607763
112.20970627218304
123.77326046796075
120.42431460591176
133.72518836119093
151.0693391568891
178.73498644338125
179.1030415590168
197.1692847124825
185.30194097799307
187.69649614576034
175.28777582409376
210.74876043170627
239.55800210526107
205.90707569606798
201.31954552191579
190.79894810659187
158.85877286484094
185.39909337860783
167.7623729238946
139.69476179227874
127.42209640510814
104.79368863955119
85.22819074333802
97.06661991584852
73.59319775596073
