77.47861150070126
71.26075145788737
65.0631320224719
58.051685393258424
56.56959269662921
51.72801966292135
40.75435393258427
40.38609550561798
45.35912921348314
50.853370786516855
40.822823033707856
49.21500173711181
34.27212078651686
31.338623595505624
37.96952247191011
31.35426978685798
43.75316455696203
42.88101265822785
33.47060369324508
34.25840867992767
48.51871921182266
35.92322308233638
38.92828993666432
44.93560872624912
40.11907107670655
44.10492610837439
67.73166783954962
143.02513162720163
137.6335679099226
146.46170664380367
206.86432490936136
209.83734177215192
219.0866661024951
238.07153893806182
238.42983903295058
231.54438575080843
204.04240506329114
208.6020635316545
225.20530469717352
244.3451384744208
210.1437539610677
234.44222279489745
230.0892329345531
201.2214911141727
204.4953275316926
222.29969001199314
229.90375365493455
209.22528572319368
207.26687526167166
203.70951727701123
214.37025316455694
204.4829113924051
169.04683544303793
204.19246118351316
173.61234688703664
175.33260716795502
180.0442726633872
154.55583489161992
176.26068072082245
179.67616741809914
160.76036542515814
157.28468025298667
165.16630758693188
135.58759885070765
153.41735769501054
141.24162493217221
110.82531645569621
122.95981230527143
140.1439698815202
136.26874849889253
109.36902781607763
120.20970627218304
114.77326046796075
144.92431460591177
122.22518836119094
169.5693391568891
167.73498644338125
158.6030415590168
190.1692847124825
166.80194097799307
195.69649614576034
181.78777582409376
218.74876043170627
199.55800210526107
195.90707569606798
184.31954552191579
175.29894810659187
196.85877286484094
156.89909337860783
156.2623729238946
143.69476179227874
118.42209640510814
114.79368863955119
88.22819074333802
92.06661991584852
75.59319775596073
