77.97861150070126
68.26075145788737
55.063132022471905
55.051685393258424
57.56959269662921
51.22801966292135
54.75435393258427
42.88609550561798
42.35912921348314
42.853370786516855
42.822823033707856
48.21500173711181
35.27212078651686
36.338623595505624
28.46952247191011
35.854269786857984
40.25316455696203
29.881012658227853
33.47060369324508
40.25840867992767
34.01871921182266
47.42322308233638
48.42828993666432
37.43560872624912
44.11907107670655
54.60492610837439
61.231667839549615
129.52513162720163
144.6335679099226
149.96170664380367
195.86432490936136
193.83734177215192
248.5866661024951
226.07153893806182
248.42983903295058
247.54438575080843
257.54240506329114
217.6020635316545
217.20530469717352
202.3451384744208
251.1437539610677
239.94222279489745
198.5892329345531
212.7214911141727
212.4953275316926
195.79969001199314
219.90375365493455
211.22528572319368
192.26687526167166
185.20951727701123
214.37025316455694
187.4829113924051
200.04683544303793
206.69246118351316
190.61234688703664
169.83260716795502
180.0442726633872
195.55583489161992
182.26068072082245
173.67616741809914
161.76036542515814
159.28468025298667
132.66630758693094
146.08759885070765
127.91735769501052
113.7416249321722
130.32531645569622
120.95981230527143
117.64396988152022
120.26874849889253
115.36902781607763
125.20970627218304
122.77326046796075
137.92431460591177
140.22518836119093
143.5693391568891
150.73498644338125
185.1030415590168
168.6692847124825
190.80194097799307
174.69649614576034
220.28777582409376
187.24876043170627
197.05800210526107
208.90707569606798
189.31954552191579
198.29894810659187
188.35877286484094
165.89909337860783
152.2623729238946
117.19476179227874
107.42209640510814
105.79368863955119
86.72819074333802
79.56661991584852
77.09319775596073
