82.97861150070126
63.260751457887366
62.063132022471905
61.551685393258424
63.06959269662921
60.72801966292135
46.25435393258427
44.88609550561798
42.35912921348314
43.853370786516855
35.822823033707856
39.21500173711181
31.272120786516858
41.838623595505624
38.96952247191011
42.354269786857984
31.253164556962027
34.88101265822785
46.47060369324508
39.25840867992767
40.51871921182266
48.92322308233638
46.42828993666432
41.93560872624912
52.61907107670655
58.60492610837439
77.23166783954962
141.52513162720163
172.6335679099226
157.96170664380367
191.36432490936136
181.33734177215192
235.0866661024951
234.57153893806182
202.42983903295058
230.54438575080843
214.04240506329114
254.1020635316545
213.20530469717352
240.8451384744208
212.1437539610677
219.44222279489745
235.5892329345531
227.2214911141727
204.9953275316926
206.79969001199314
219.90375365493455
196.72528572319368
205.76687526167166
193.70951727701123
211.87025316455694
189.9829113924051
198.04683544303793
205.69246118351316
176.11234688703664
171.83260716795502
192.0442726633872
179.55583489161992
165.26068072082245
184.17616741809914
169.26036542515814
166.78468025298667
127.66630758693081
155.58759885070765
119.41735769501052
117.2416249321722
115.82531645569621
140.45981230527144
107.64396988152022
127.76874849889253
137.36902781607762
123.70970627218304
127.27326046796075
140.42431460591177
153.22518836119093
152.5693391568891
173.73498644338125
194.6030415590168
183.1692847124825
171.80194097799307
166.19649614576034
218.78777582409376
181.74876043170627
233.55800210526107
219.40707569606798
193.31954552191579
168.29894810659187
192.35877286484094
188.89909337860783
132.7623729238946
140.19476179227874
111.42209640510814
104.29368863955119
91.72819074333802
80.56661991584852
83.09319775596073
