73.97861150070126
56.760751457887366
62.563132022471905
55.051685393258424
62.06959269662921
52.22801966292135
53.75435393258427
44.38609550561798
35.85912921348314
41.853370786516855
47.822823033707856
34.71500173711181
42.77212078651686
32.838623595505624
40.96952247191011
40.854269786857984
45.25316455696203
33.38101265822785
32.47060369324508
48.75840867992767
48.01871921182266
44.42322308233638
35.92828993666432
36.93560872624912
38.61907107670655
52.60492610837439
75.73166783954962
143.52513162720163
150.1335679099226
180.96170664380367
196.36432490936136
185.83734177215192
217.5866661024951
226.57153893806182
228.92983903295058
242.04438575080843
223.54240506329114
225.6020635316545
224.20530469717352
220.3451384744208
216.1437539610677
202.44222279489745
196.5892329345531
233.7214911141727
224.4953275316926
226.79969001199314
216.40375365493455
191.22528572319368
184.76687526167166
197.70951727701123
207.87025316455694
170.4829113924051
193.04683544303793
206.19246118351316
175.11234688703664
189.83260716795502
166.0442726633872
197.55583489161992
155.76068072082245
188.67616741809914
160.76036542515814
167.28468025298667
136.16630758693105
124.08759885070765
125.91735769501052
114.7416249321722
141.82531645569622
133.95981230527144
125.64396988152022
127.26874849889253
119.86902781607763
122.70970627218304
135.77326046796077
115.92431460591176
145.22518836119093
133.5693391568891
152.73498644338125
182.1030415590168
206.6692847124825
194.30194097799307
175.69649614576034
204.28777582409376
228.24876043170627
201.55800210526107
181.40707569606798
190.81954552191579
169.79894810659187
197.35877286484094
159.89909337860783
129.7623729238946
116.19476179227874
113.92209640510814
115.79368863955119
98.22819074333802
86.06661991584852
69.59319775596073
