68.97861150070126
63.260751457887366
62.563132022471905
62.051685393258424
63.06959269662921
52.22801966292135
39.75435393258427
40.88609550561798
43.35912921348314
44.353370786516855
32.822823033707856
49.21500173711181
31.772120786516858
42.838623595505624
30.46952247191011
40.854269786857984
34.25316455696203
35.88101265822785
33.97060369324508
44.25840867992767
32.51871921182266
50.42322308233638
39.42828993666432
34.43560872624912
52.11907107670655
56.60492610837439
83.23166783954962
142.52513162720163
167.6335679099226
164.46170664380367
205.86432490936136
211.33734177215192
205.0866661024951
233.57153893806182
230.92983903295058
238.04438575080843
208.04240506329114
230.6020635316545
224.20530469717352
242.8451384744208
200.6437539610677
232.94222279489745
227.5892329345531
232.7214911141727
200.9953275316926
191.79969001199314
201.40375365493455
235.72528572319368
227.26687526167166
186.70951727701123
210.37025316455694
172.9829113924051
188.04683544303793
206.69246118351316
182.61234688703664
206.33260716795502
166.5442726633872
156.55583489161992
167.76068072082245
178.67616741809914
152.76036542515814
134.78468025298667
154.16630758693157
138.58759885070765
125.91735769501052
143.74162493217221
125.82531645569621
115.45981230527143
139.1439698815202
114.26874849889253
127.36902781607763
133.20970627218304
125.27326046796075
143.92431460591177
133.72518836119093
139.0693391568891
145.23498644338125
186.1030415590168
169.1692847124825
166.30194097799307
208.19649614576034
216.28777582409376
205.74876043170627
198.55800210526107
212.90707569606798
185.81954552191579
163.79894810659187
174.35877286484094
161.89909337860783
145.2623729238946
116.69476179227874
111.92209640510814
93.79368863955119
97.22819074333802
77.56661991584852
86.09319775596073
