69.97861150070126
64.76075145788737
69.0631320224719
57.551685393258424
50.06959269662921
51.22801966292135
56.75435393258427
52.88609550561798
50.35912921348314
40.353370786516855
37.322823033707856
45.71500173711181
36.77212078651686
36.338623595505624
34.96952247191011
30.85426978685798
45.25316455696203
41.88101265822785
44.97060369324508
47.75840867992767
43.51871921182266
39.92322308233638
44.42828993666432
39.93560872624912
39.11907107670655
43.10492610837439
69.73166783954962
125.02513162720163
141.1335679099226
176.96170664380367
194.86432490936136
205.83734177215192
230.5866661024951
212.57153893806182
218.42983903295058
214.54438575080843
214.54240506329114
212.6020635316545
218.20530469717352
251.3451384744208
239.1437539610677
214.44222279489745
229.5892329345531
209.2214911141727
231.4953275316926
200.29969001199314
201.90375365493455
202.72528572319368
181.76687526167166
184.70951727701123
181.37025316455694
206.9829113924051
173.04683544303793
196.19246118351316
167.61234688703664
170.33260716795502
170.0442726633872
181.05583489161992
163.26068072082245
180.17616741809914
181.26036542515814
147.28468025298667
132.66630758693094
121.08759885070765
118.91735769501052
139.74162493217221
139.32531645569622
128.95981230527144
133.6439698815202
131.76874849889253
111.86902781607763
109.70970627218304
124.27326046796075
112.42431460591176
150.72518836119093
165.5693391568891
150.73498644338125
169.1030415590168
196.1692847124825
179.30194097799307
196.69649614576034
206.28777582409376
190.74876043170627
198.55800210526107
208.40707569606798
196.81954552191579
162.79894810659187
178.85877286484094
147.89909337860783
158.7623729238946
129.19476179227874
117.42209640510814
109.79368863955119
87.72819074333802
79.06661991584852
72.09319775596073
