82.47861150070126
61.760751457887366
69.5631320224719
49.051685393258424
44.56959269662921
54.22801966292135
53.75435393258427
51.38609550561798
41.85912921348314
49.353370786516855
48.322823033707856
32.21500173711181
40.27212078651686
39.838623595505624
30.96952247191011
33.854269786857984
31.253164556962027
37.38101265822785
46.97060369324508
43.75840867992767
37.01871921182266
43.42322308233638
33.92828993666432
34.93560872624912
44.61907107670655
52.60492610837439
67.73166783954962
123.52513162720163
168.1335679099226
156.46170664380367
171.36432490936136
190.83734177215192
248.0866661024951
240.07153893806182
253.42983903295058
213.04438575080843
243.04240506329114
233.1020635316545
209.70530469717352
217.3451384744208
207.6437539610677
198.44222279489745
207.0892329345531
208.2214911141727
219.9953275316926
234.29969001199314
237.40375365493455
222.72528572319368
215.76687526167166
209.70951727701123
168.37025316455694
168.9829113924051
182.54683544303793
207.69246118351316
169.61234688703664
183.33260716795502
166.0442726633872
171.55583489161992
189.76068072082245
157.17616741809914
156.26036542515814
144.78468025298667
134.666307586931
153.58759885070765
141.91735769501054
117.2416249321722
132.32531645569622
121.95981230527143
112.64396988152022
138.26874849889253
135.86902781607762
132.70970627218304
122.27326046796075
144.92431460591177
149.72518836119093
137.0693391568891
161.23498644338125
161.1030415590168
170.6692847124825
189.80194097799307
207.19649614576034
176.78777582409376
186.74876043170627
212.55800210526107
199.40707569606798
172.81954552191579
178.79894810659187
156.85877286484094
152.39909337860783
132.2623729238946
115.19476179227874
118.42209640510814
104.29368863955119
96.22819074333802
82.56661991584852
80.59319775596073
