83.47861150070126
56.260751457887366
65.0631320224719
62.551685393258424
54.06959269662921
41.72801966292135
43.25435393258427
45.38609550561798
38.85912921348314
36.353370786516855
34.822823033707856
36.71500173711181
43.77212078651686
30.338623595505624
38.46952247191011
28.35426978685798
34.75316455696203
38.88101265822785
35.97060369324508
39.75840867992767
36.51871921182266
33.92322308233638
38.92828993666432
35.93560872624912
51.61907107670655
53.60492610837439
70.73166783954962
139.02513162720163
158.1335679099226
171.96170664380367
165.86432490936136
206.33734177215192
230.5866661024951
257.57153893806185
208.92983903295058
230.54438575080843
214.04240506329114
225.1020635316545
235.70530469717352
223.8451384744208
219.6437539610677
209.94222279489745
188.0892329345531
188.7214911141727
232.9953275316926
209.29969001199314
210.90375365493455
233.72528572319368
182.76687526167166
222.20951727701123
187.87025316455694
198.9829113924051
186.54683544303793
169.69246118351316
182.61234688703664
174.33260716795502
203.5442726633872
163.55583489161992
189.26068072082245
167.17616741809914
163.26036542515814
138.28468025298667
152.6663075869315
154.08759885070765
141.91735769501054
117.7416249321722
142.32531645569622
112.45981230527143
132.6439698815202
117.26874849889253
132.36902781607762
120.70970627218304
140.77326046796077
121.92431460591176
157.22518836119093
170.0693391568891
162.23498644338125
157.1030415590168
206.6692847124825
196.30194097799307
182.19649614576034
172.28777582409376
210.74876043170627
236.55800210526107
224.90707569606798
166.31954552191579
166.79894810659187
173.85877286484094
153.89909337860783
137.7623729238946
124.69476179227874
120.92209640510814
110.79368863955119
82.72819074333802
92.06661991584852
79.59319775596073
