77.47861150070126
56.260751457887366
51.063132022471905
47.551685393258424
59.06959269662921
51.72801966292135
54.25435393258427
50.88609550561798
48.35912921348314
42.353370786516855
36.822823033707856
34.71500173711181
30.272120786516858
36.338623595505624
30.96952247191011
36.854269786857984
34.25316455696203
40.88101265822785
43.97060369324508
36.25840867992767
44.01871921182266
37.42322308233638
45.42828993666432
37.93560872624912
37.61907107670655
58.60492610837439
74.73166783954962
142.52513162720163
155.6335679099226
160.96170664380367
187.86432490936136
201.33734177215192
200.5866661024951
213.07153893806182
232.92983903295058
212.04438575080843
224.54240506329114
241.1020635316545
241.70530469717352
222.8451384744208
227.1437539610677
209.94222279489745
188.0892329345531
196.2214911141727
186.9953275316926
186.29969001199314
236.90375365493455
197.72528572319368
219.76687526167166
197.20951727701123
207.37025316455694
170.9829113924051
190.54683544303793
162.69246118351316
203.11234688703664
192.83260716795502
190.0442726633872
196.55583489161992
160.26068072082245
159.67616741809914
160.26036542515814
160.78468025298667
155.66630758693162
148.08759885070765
136.41735769501054
123.2416249321722
119.32531645569621
117.45981230527143
137.6439698815202
121.26874849889253
138.36902781607762
123.20970627218304
129.27326046796077
126.92431460591176
144.72518836119093
147.0693391568891
158.73498644338125
163.6030415590168
175.6692847124825
185.30194097799307
166.19649614576034
195.28777582409376
218.24876043170627
197.55800210526107
197.90707569606798
186.81954552191579
178.79894810659187
182.85877286484094
146.39909337860783
131.7623729238946
115.69476179227874
129.92209640510814
102.79368863955119
87.72819074333802
98.06661991584852
78.09319775596073
